3 0.440625 0.3375 0.05625 0.0765625
3 0.45078125 0.26875 0.05625 0.075
2 0.32734375 0.778125 0.0625 0.09375
9 0.41171875 0.7734375 0.0328125 0.084375
0 0.37265625 0.475 0.053125 0.0875
6 0.3984375 0.17421875 0.0359375 0.0453125
6 0.42890625 0.17734375 0.0359375 0.046875
6 0.459375 0.1796875 0.0359375 0.05
6 0.48984375 0.1828125 0.0390625 0.0515625
6 0.52265625 0.18671875 0.0390625 0.0546875
9 0.5109375 0.25703125 0.040625 0.04375
2 0.39375 0.26484375 0.05625 0.0875
2 0.49921875 0.3234375 0.0515625 0.09375
0 0.378125 0.36484375 0.0546875 0.11875
9 0.4484375 0.4703125 0.0328125 0.078125
9 0.37109375 0.57109375 0.03125 0.040625
1 0.31328125 0.84765625 0.0390625 0.0390625
1 0.39296875 0.85859375 0.0390625 0.0390625
11 0.47734375 0.58125 0.021875 0.0328125
11 0.3375 0.634375 0.0234375 0.0234375
11 0.340625 0.6140625 0.0234375 0.0234375
11 0.3671875 0.696875 0.021875 0.025
5 0.38359375 0.42890625 0.053125 0.021875
5 0.346875 0.47578125 0.01875 0.071875
5 0.3734375 0.60078125 0.0515625 0.0203125