3 0.41875 0.34765625 0.046875 0.0703125
3 0.41875 0.278125 0.04765625 0.06875
2 0.36796875 0.79921875 0.05078125 0.08828125
9 0.45078125 0.7828125 0.02109375 0.0828125
0 0.3703125 0.49296875 0.04140625 0.08203125
6 0.35390625 0.19140625 0.0296875 0.0421875
6 0.384375 0.190625 0.03046875 0.04375
6 0.41484375 0.18828125 0.03046875 0.04609375
6 0.44609375 0.1875 0.0328125 0.04765625
6 0.47890625 0.18671875 0.03203125 0.05
9 0.47734375 0.2578125 0.03515625 0.03984375
2 0.36171875 0.28203125 0.04453125 0.0828125
2 0.475 0.325 0.03984375 0.08984375
0 0.36015625 0.3828125 0.0390625 0.1140625
9 0.44453125 0.478125 0.02265625 0.075
9 0.38203125 0.58828125 0.02578125 0.03671875
1 0.36328125 0.8703125 0.03515625 0.03515625
1 0.44375 0.8703125 0.03515625 0.03515625
11 0.4890625 0.58359375 0.0171875 0.03046875
11 0.3578125 0.65546875 0.0203125 0.02109375
11 0.3578125 0.63515625 0.0203125 0.0203125
11 0.39609375 0.71328125 0.01875 0.021875
5 0.375 0.44609375 0.05234375 0.0140625
5 0.3453125 0.49765625 0.00859375 0.071875
5 0.38828125 0.6171875 0.05078125 0.0140625