3 0.5421875 0.6671875 0.0625 0.0796875
3 0.525 0.73515625 0.0625 0.078125
2 0.70078125 0.24140625 0.0703125 0.0984375
9 0.61640625 0.2375 0.040625 0.0859375
0 0.62421875 0.53828125 0.059375 0.0890625
6 0.5671875 0.83515625 0.0390625 0.0484375
6 0.5375 0.828125 0.040625 0.05
6 0.50703125 0.8234375 0.040625 0.0515625
6 0.4765625 0.81640625 0.04375 0.0546875
6 0.44453125 0.809375 0.04375 0.05625
9 0.46328125 0.740625 0.04375 0.046875
2 0.58125 0.7453125 0.0625 0.090625
2 0.48203125 0.67578125 0.0609375 0.096875
0 0.60703125 0.64765625 0.065625 0.1203125
9 0.5484375 0.534375 0.040625 0.078125
9 0.6359375 0.44296875 0.034375 0.0421875
1 0.721875 0.1734375 0.0421875 0.0421875
1 0.64453125 0.15390625 0.0421875 0.0421875
11 0.53046875 0.421875 0.0234375 0.034375
11 0.67578125 0.38359375 0.025 0.025
11 0.6703125 0.403125 0.025 0.025
11 0.65234375 0.31796875 0.0234375 0.025
5 0.60859375 0.5828125 0.0546875 0.0265625
5 0.64921875 0.53984375 0.025 0.071875
5 0.63671875 0.41328125 0.053125 0.0265625