6 0.821875 0.3125 0.0796875 0.05625
6 0.74453125 0.31171875 0.0734375 0.0546875
6 0.82265625 0.25625 0.0796875 0.05625
6 0.7453125 0.25390625 0.0765625 0.0546875
6 0.81953125 0.43359375 0.0796875 0.0546875
6 0.74140625 0.43203125 0.0765625 0.05625
6 0.45234375 0.4125 0.078125 0.05625
6 0.52890625 0.4140625 0.078125 0.05625
6 0.53046875 0.3203125 0.078125 0.0578125
6 0.453125 0.31796875 0.078125 0.0578125
6 0.45234375 0.26015625 0.0765625 0.05625
6 0.53125 0.26171875 0.078125 0.0578125
3 0.20390625 0.1359375 0.115625 0.09375
3 0.52421875 0.62265625 0.09375 0.0609375
3 0.41015625 0.6203125 0.06875 0.059375
6 0.52578125 0.54296875 0.0796875 0.0546875
11 0.5265625 0.48203125 0.0765625 0.0140625
11 0.52734375 0.503125 0.078125 0.0140625
11 0.45 0.48125 0.078125 0.015625
11 0.82421875 0.1984375 0.0765625 0.015625
11 0.74765625 0.196875 0.078125 0.015625
11 0.81875 0.48671875 0.078125 0.015625
11 0.74140625 0.4859375 0.078125 0.0171875
11 0.8203125 0.39609375 0.078125 0.0171875
11 0.74375 0.39453125 0.0765625 0.015625
11 0.5328125 0.19375 0.0765625 0.0171875
11 0.45546875 0.1921875 0.0765625 0.0140625
2 0.2 0.4984375 0.184375 0.1328125
2 0.19140625 0.28359375 0.121875 0.071875
3 0.49296875 0.12734375 0.1125 0.0796875
11 0.2296875 0.70390625 0.0734375 0.025
11 0.534375 0.7203125 0.03125 0.025