6 0.79296875 0.73046875 0.084375 0.0640625
6 0.71640625 0.7203125 0.078125 0.0625
6 0.78515625 0.7859375 0.084375 0.0640625
6 0.70859375 0.77734375 0.08125 0.0625
6 0.80703125 0.61015625 0.084375 0.0625
6 0.72890625 0.60078125 0.08125 0.0640625
6 0.440625 0.5796875 0.0828125 0.0640625
6 0.51640625 0.5890625 0.0828125 0.0640625
6 0.50546875 0.6828125 0.0828125 0.065625
6 0.428125 0.6734375 0.084375 0.065625
6 0.41953125 0.73125 0.08125 0.0640625
6 0.49765625 0.740625 0.084375 0.065625
3 0.15625 0.81875 0.125 0.1046875
3 0.54140625 0.38203125 0.0984375 0.06875
3 0.428125 0.36875 0.075 0.065625
6 0.53125 0.46171875 0.084375 0.0625
11 0.52421875 0.521875 0.0765625 0.021875
11 0.52734375 0.50078125 0.0796875 0.0234375
11 0.4484375 0.51171875 0.0796875 0.0234375
11 0.77890625 0.84375 0.078125 0.0234375
11 0.703125 0.834375 0.0796875 0.0234375
11 0.8140625 0.5578125 0.0796875 0.025
11 0.7375 0.546875 0.0796875 0.025
11 0.803125 0.64765625 0.078125 0.025
11 0.72734375 0.63828125 0.078125 0.0234375
11 0.48984375 0.8078125 0.078125 0.025
11 0.41328125 0.7984375 0.0765625 0.021875
2 0.20234375 0.459375 0.196875 0.1515625
2 0.1640625 0.67109375 0.128125 0.084375
3 0.44140625 0.86796875 0.1203125 0.090625
11 0.2609375 0.26015625 0.075 0.0328125
11 0.56484375 0.28671875 0.034375 0.028125