6 0.18125 0.69296875 0.07890625 0.05546875
6 0.25859375 0.6921875 0.07265625 0.05390625
6 0.18203125 0.74921875 0.078125 0.0546875
6 0.259375 0.75 0.075 0.053125
6 0.18203125 0.571875 0.078125 0.053125
6 0.26015625 0.571875 0.075 0.0546875
6 0.54921875 0.58671875 0.0765625 0.0546875
6 0.47265625 0.58671875 0.07734375 0.0546875
6 0.47265625 0.68046875 0.0765625 0.05703125
6 0.55 0.68125 0.07734375 0.05703125
6 0.5515625 0.7390625 0.075 0.05546875
6 0.47265625 0.7390625 0.07734375 0.05625
3 0.80234375 0.85859375 0.1140625 0.0921875
3 0.4734375 0.378125 0.0921875 0.05859375
3 0.5875 0.378125 0.06796875 0.0578125
6 0.4734375 0.4578125 0.07890625 0.053125
11 0.4734375 0.51875 0.07578125 0.01328125
11 0.47265625 0.49765625 0.078125 0.01328125
11 0.55 0.51796875 0.078125 0.0140625
11 0.18125 0.80703125 0.0765625 0.01484375
11 0.2578125 0.80703125 0.078125 0.0140625
11 0.18125 0.51875 0.078125 0.01484375
11 0.25859375 0.51796875 0.078125 0.015625
11 0.18125 0.609375 0.07734375 0.015625
11 0.2578125 0.609375 0.0765625 0.0140625
11 0.47265625 0.80703125 0.0765625 0.015625
11 0.55 0.80703125 0.07578125 0.0125
2 0.8 0.49609375 0.18203125 0.1296875
2 0.8125 0.7109375 0.12109375 0.06953125
3 0.51328125 0.87265625 0.11171875 0.078125
11 0.76640625 0.29140625 0.07265625 0.0234375
11 0.46171875 0.28046875 0.03125 0.025