6 0.74609375 0.74921875 0.059375 0.0609375
6 0.7578125 0.79453125 0.059375 0.0609375
6 0.69921875 0.76328125 0.059375 0.0609375
6 0.7125 0.809375 0.0578125 0.0578125
2 0.39296875 0.3578125 0.0671875 0.0796875
3 0.30703125 0.39453125 0.0625 0.0921875
3 0.25703125 0.41015625 0.0828125 0.096875
6 0.68125 0.34375 0.059375 0.059375
6 0.69375 0.3890625 0.059375 0.05625
6 0.634375 0.35703125 0.059375 0.059375
6 0.64609375 0.40234375 0.059375 0.05625
6 0.53046875 0.38515625 0.0609375 0.0609375
6 0.5421875 0.43046875 0.059375 0.0578125
6 0.48203125 0.39609375 0.059375 0.0609375
6 0.49453125 0.44296875 0.0578125 0.059375
2 0.59375 0.87265625 0.0921875 0.090625
1 0.55703125 0.7265625 0.0453125 0.0578125
0 0.63671875 0.7625 0.0984375 0.1828125
5 0.66875 0.8640625 0.0546875 0.0640625