6 0.3265625 0.1953125 0.04765625 0.05
6 0.32734375 0.1484375 0.04765625 0.05
6 0.37578125 0.19453125 0.0484375 0.05078125
6 0.375 0.14609375 0.046875 0.046875
2 0.56640625 0.66484375 0.05078125 0.06953125
3 0.659375 0.6515625 0.0421875 0.084375
3 0.71171875 0.65 0.06328125 0.08359375
6 0.284375 0.60390625 0.04921875 0.0484375
6 0.284375 0.55703125 0.04921875 0.0453125
6 0.33359375 0.603125 0.04921875 0.04765625
6 0.33359375 0.55625 0.05 0.0453125
6 0.440625 0.603125 0.04921875 0.05
6 0.44140625 0.55625 0.0484375 0.046875
6 0.490625 0.6046875 0.0484375 0.05
6 0.490625 0.55625 0.04765625 0.0484375
2 0.50625 0.115625 0.075 0.0734375
1 0.50390625 0.26640625 0.03359375 0.05078125
0 0.4359375 0.2109375 0.05546875 0.17421875
5 0.43125 0.1046875 0.04140625 0.0546875