6 0.7140625 0.77734375 0.0546875 0.05625
6 0.71953125 0.82421875 0.0546875 0.05625
6 0.665625 0.78515625 0.0546875 0.05625
6 0.67265625 0.8328125 0.053125 0.053125
2 0.4109375 0.34609375 0.059375 0.0765625
3 0.32109375 0.371875 0.053125 0.0890625
3 0.26953125 0.38125 0.075 0.0921875
6 0.69921875 0.3671875 0.05625 0.0546875
6 0.70546875 0.41328125 0.0546875 0.0515625
6 0.65078125 0.375 0.0546875 0.0546875
6 0.65703125 0.42109375 0.05625 0.0515625
6 0.54453125 0.38984375 0.05625 0.05625
6 0.55 0.4359375 0.0546875 0.053125
6 0.49453125 0.3953125 0.0546875 0.05625
6 0.5015625 0.44296875 0.0546875 0.0546875
2 0.54765625 0.88125 0.084375 0.0828125
1 0.52890625 0.73203125 0.040625 0.0546875
0 0.60390625 0.77734375 0.0796875 0.1796875
5 0.6234375 0.88203125 0.0484375 0.059375