6 0.1546875 0.0890625 0.09453125 0.121875
6 0.1546875 0.20703125 0.09375 0.11171875
6 0.15390625 0.3234375 0.09453125 0.121875
6 0.153125 0.44296875 0.09453125 0.11875
6 0.24765625 0.44375 0.09453125 0.121875
6 0.24765625 0.20625 0.09453125 0.121875
6 0.24921875 0.32578125 0.09453125 0.1203125
6 0.24921875 0.090625 0.09453125 0.1140625
6 0.40234375 0.09140625 0.09453125 0.121875
6 0.4015625 0.21015625 0.09453125 0.1171875
6 0.40078125 0.325 0.09453125 0.121875
6 0.40078125 0.446875 0.09453125 0.121875
6 0.496875 0.44609375 0.09453125 0.121875
6 0.49765625 0.32421875 0.09453125 0.1171875
6 0.496875 0.20859375 0.09453125 0.115625
6 0.49765625 0.090625 0.09453125 0.121875
3 0.72890625 0.3625 0.153125 0.334375
6 0.16953125 0.8703125 0.07734375 0.15859375
6 0.0953125 0.8671875 0.071875 0.1625
6 0.27421875 0.86953125 0.08203125 0.1609375
6 0.34765625 0.8609375 0.0796875 0.1515625
6 0.446875 0.8671875 0.06796875 0.15625
6 0.51796875 0.86953125 0.07578125 0.16328125
2 0.778125 0.83359375 0.25078125 0.25078125
11 0.6453125 0.0796875 0.08125 0.0890625
5 0.62578125 0.05234375 0.03125 0.06328125
11 0.72109375 0.07734375 0.06875 0.08828125
5 0.71484375 0.0515625 0.046875 0.05
11 0.05390625 0.0890625 0.06484375 0.11953125
11 0.0546875 0.2078125 0.06484375 0.1171875
11 0.05390625 0.3234375 0.06640625 0.11484375
11 0.05390625 0.43984375 0.06640625 0.12109375
11 0.19921875 0.63984375 0.08515625 0.07421875
11 0.13203125 0.671875 0.05234375 0.084375
11 0.5390625 0.63828125 0.08046875 0.071875
11 0.60546875 0.675 0.0484375 0.08828125
11 0.9421875 0.47578125 0.078125 0.12734375
11 0.940625 0.28984375 0.0703125 0.11875
11 0.79375 0.0796875 0.07890625 0.09140625