6 0.184375 0.065625 0.103125 0.128125
6 0.17578125 0.18359375 0.1015625 0.11875
6 0.1671875 0.3 0.103125 0.128125
6 0.1578125 0.41875 0.103125 0.125
6 0.25234375 0.4265625 0.103125 0.128125
6 0.26875 0.1890625 0.103125 0.128125
6 0.26171875 0.30859375 0.103125 0.1265625
6 0.278125 0.07421875 0.1015625 0.1203125
6 0.43125 0.0859375 0.103125 0.128125
6 0.421875 0.20390625 0.103125 0.1234375
6 0.41328125 0.31875 0.103125 0.128125
6 0.4046875 0.43984375 0.103125 0.128125
6 0.50078125 0.44609375 0.103125 0.128125
6 0.51015625 0.32421875 0.103125 0.1234375
6 0.5171875 0.209375 0.103125 0.121875
6 0.5265625 0.09140625 0.103125 0.128125
3 0.73828125 0.37890625 0.1765625 0.34375
6 0.14453125 0.84609375 0.0875 0.1640625
6 0.0703125 0.83828125 0.0828125 0.1671875
6 0.24921875 0.853125 0.09375 0.165625
6 0.32265625 0.84921875 0.090625 0.15625
6 0.42109375 0.8625 0.078125 0.1609375
6 0.4921875 0.86953125 0.0875 0.16875
2 0.75390625 0.85234375 0.2671875 0.2671875
11 0.67421875 0.090625 0.0875 0.09375
5 0.65703125 0.0625 0.0359375 0.065625
11 0.75 0.09375 0.075 0.0921875
5 0.7453125 0.06796875 0.05 0.053125
11 0.08359375 0.06015625 0.0734375 0.1203125
11 0.07578125 0.17734375 0.0734375 0.121875
11 0.0671875 0.29296875 0.075 0.11875
11 0.059375 0.40859375 0.075 0.125
11 0.18984375 0.61875 0.090625 0.0796875
11 0.12109375 0.64609375 0.0578125 0.0875
11 0.5296875 0.640625 0.0859375 0.0765625
11 0.59296875 0.68203125 0.0546875 0.0921875
11 0.94296875 0.50703125 0.0875 0.1328125
11 0.95390625 0.32109375 0.078125 0.1234375
11 0.82265625 0.1015625 0.084375 0.096875