6 0.10078125 0.14140625 0.1109375 0.134375
6 0.1171875 0.2578125 0.1078125 0.1234375
6 0.1328125 0.3734375 0.1109375 0.134375
6 0.1484375 0.4921875 0.109375 0.13125
6 0.2421875 0.4796875 0.1109375 0.134375
6 0.209375 0.24453125 0.1109375 0.134375
6 0.22734375 0.3625 0.1109375 0.1328125
6 0.19453125 0.1296875 0.109375 0.1265625
6 0.34609375 0.10859375 0.1109375 0.134375
6 0.3625 0.2265625 0.109375 0.1296875
6 0.37734375 0.340625 0.1109375 0.134375
6 0.39453125 0.4609375 0.1109375 0.134375
6 0.4890625 0.446875 0.1109375 0.134375
6 0.4734375 0.3265625 0.109375 0.1296875
6 0.45625 0.21171875 0.109375 0.128125
6 0.440625 0.0953125 0.1109375 0.134375
3 0.7078125 0.33203125 0.1984375 0.353125
6 0.22421875 0.9125 0.0984375 0.1671875
6 0.15 0.9171875 0.09375 0.165625
6 0.328125 0.89765625 0.103125 0.1703125
6 0.39921875 0.87890625 0.1 0.1609375
6 0.4984375 0.87109375 0.0890625 0.1640625
6 0.56953125 0.86328125 0.0984375 0.171875
2 0.821875 0.79140625 0.2828125 0.2828125
11 0.58515625 0.06328125 0.0921875 0.1
5 0.5625 0.0390625 0.0390625 0.0671875
11 0.66015625 0.05078125 0.0796875 0.096875
5 0.65 0.0265625 0.053125 0.053125
11 0.0203125 0.1546875 0.040625 0.128125
11 0.02890625 0.271875 0.0578125 0.125
11 0.03671875 0.38671875 0.0734375 0.1234375
11 0.05 0.50234375 0.0828125 0.1296875
11 0.221875 0.68046875 0.0953125 0.0859375
11 0.159375 0.72109375 0.0640625 0.090625
11 0.5578125 0.63125 0.0890625 0.0828125
11 0.62890625 0.65859375 0.0609375 0.09375
11 0.934375 0.41484375 0.0953125 0.1375
11 0.90703125 0.23046875 0.0859375 0.128125
11 0.73125 0.046875 0.090625 0.09375