11 0.2828125 0.4109375 0.03046875 0.01875
0 0.278125 0.44375 0.0453125 0.0359375
2 0.190625 0.41953125 0.05 0.04375
2 0.19296875 0.4703125 0.04921875 0.04453125
3 0.19921875 0.63046875 0.0265625 0.0765625
6 0.25625 0.6296875 0.0171875 0.02578125
6 0.25625 0.653125 0.01796875 0.02578125
6 0.23984375 0.65234375 0.01875 0.0265625
6 0.23984375 0.62890625 0.01875 0.02421875
6 0.29765625 0.62890625 0.01875 0.0265625
6 0.29765625 0.65234375 0.01796875 0.0265625
6 0.28125 0.653125 0.01875 0.0265625
6 0.28125 0.6296875 0.01875 0.0265625
11 0.2890625 0.61328125 0.02265625 0.0078125
11 0.33125 0.61328125 0.021875 0.00859375
11 0.37265625 0.61328125 0.02265625 0.00859375
11 0.24765625 0.6140625 0.02265625 0.0078125
6 0.32265625 0.62890625 0.0203125 0.02578125
6 0.3390625 0.62890625 0.01875 0.02578125
6 0.3390625 0.65234375 0.01953125 0.0265625
6 0.32265625 0.65234375 0.0203125 0.0265625
6 0.36484375 0.62890625 0.01953125 0.02578125
6 0.38125 0.62890625 0.01796875 0.0265625
6 0.38046875 0.65234375 0.01875 0.025
6 0.36484375 0.65234375 0.01953125 0.025
8 0.41015625 0.6265625 0.01171875 0.01328125
8 0.4265625 0.62734375 0.0125 0.0140625
6 0.42890625 0.6515625 0.0171875 0.0265625
3 0.46015625 0.63984375 0.02578125 0.04140625
6 0.515625 0.65234375 0.01796875 0.02734375
6 0.515625 0.628125 0.01875 0.02578125
6 0.49921875 0.628125 0.01875 0.02578125
6 0.49921875 0.65234375 0.01875 0.02734375
11 0.5125 0.6125 0.01171875 0.00859375
11 0.50234375 0.6125 0.0109375 0.00859375
11 0.571875 0.6125 0.0125 0.0078125
11 0.58203125 0.6125 0.01171875 0.0078125
6 0.584375 0.628125 0.01953125 0.02578125
6 0.584375 0.65078125 0.01875 0.02578125
6 0.56875 0.6515625 0.01953125 0.02578125
6 0.56875 0.628125 0.01875 0.02578125
6 0.5859375 0.55078125 0.01796875 0.02578125
6 0.58515625 0.52734375 0.01953125 0.025
6 0.58515625 0.503125 0.0203125 0.0265625
6 0.56875 0.50234375 0.01875 0.028125
6 0.56875 0.52734375 0.01875 0.025
6 0.56875 0.55078125 0.01796875 0.02578125
6 0.525 0.55078125 0.0171875 0.0265625
6 0.525 0.52734375 0.01796875 0.02578125
6 0.525 0.50390625 0.01796875 0.02578125
6 0.50859375 0.503125 0.01875 0.0265625
6 0.50859375 0.52734375 0.01953125 0.0265625
6 0.50859375 0.55078125 0.0203125 0.02578125
11 0.5453125 0.503125 0.00546875 0.02578125
11 0.55 0.503125 0.00625 0.0265625
11 0.55 0.52734375 0.00625 0.02578125
11 0.55 0.55078125 0.00703125 0.0265625
11 0.5453125 0.55078125 0.00703125 0.0265625
11 0.5453125 0.52734375 0.00703125 0.02578125
11 0.48671875 0.55078125 0.00625 0.025
11 0.48671875 0.52734375 0.00546875 0.025
11 0.48671875 0.50390625 0.00546875 0.02578125
11 0.60625 0.5265625 0.00625 0.07265625
11 0.4671875 0.54296875 0.0125 0.009375
11 0.4578125 0.54296875 0.01171875 0.00859375
11 0.4265625 0.54375 0.01171875 0.01015625
11 0.41640625 0.54296875 0.0125 0.009375
6 0.4296875 0.528125 0.01875 0.02578125
6 0.4296875 0.50390625 0.01953125 0.02578125
6 0.41328125 0.50390625 0.01875 0.02578125
6 0.41328125 0.528125 0.01875 0.02578125
6 0.4703125 0.52734375 0.01796875 0.025
6 0.4703125 0.50390625 0.01796875 0.0265625
6 0.45390625 0.503125 0.01875 0.02734375
6 0.45390625 0.528125 0.01953125 0.025
9 0.63125 0.6578125 0.03515625 0.01796875
8 0.61875 0.6203125 0.0203125 0.01796875