11 0.3015625 0.62578125 0.0328125 0.0234375
0 0.29140625 0.59375 0.0515625 0.04375
2 0.209375 0.6328125 0.05625 0.0515625
2 0.203125 0.5828125 0.05625 0.053125
3 0.18125 0.4234375 0.0390625 0.0796875
6 0.2375 0.41484375 0.021875 0.028125
6 0.23359375 0.39140625 0.021875 0.028125
6 0.2171875 0.3953125 0.0234375 0.0296875
6 0.22109375 0.41796875 0.0234375 0.0265625
6 0.278125 0.4078125 0.0234375 0.0296875
6 0.27421875 0.38515625 0.021875 0.0296875
6 0.2578125 0.3875 0.0234375 0.0296875
6 0.26171875 0.41015625 0.0234375 0.0296875
11 0.27265625 0.425 0.0234375 0.0109375
11 0.3140625 0.41796875 0.0234375 0.0125
11 0.3546875 0.4109375 0.0234375 0.0125
11 0.23203125 0.43125 0.0234375 0.0109375
6 0.303125 0.40390625 0.025 0.0296875
6 0.31875 0.40078125 0.0234375 0.028125
6 0.31484375 0.378125 0.0234375 0.0296875
6 0.29921875 0.38046875 0.025 0.0296875
6 0.34453125 0.396875 0.0234375 0.028125
6 0.3609375 0.39375 0.021875 0.0296875
6 0.35546875 0.37109375 0.0234375 0.028125
6 0.340625 0.3734375 0.0234375 0.028125
8 0.38984375 0.390625 0.0140625 0.015625
8 0.40546875 0.3875 0.0140625 0.015625
6 0.40390625 0.36328125 0.021875 0.0296875
3 0.43671875 0.36953125 0.0328125 0.0453125
6 0.4890625 0.346875 0.021875 0.0296875
6 0.49296875 0.37109375 0.0234375 0.028125
6 0.47734375 0.37421875 0.0234375 0.028125
6 0.47265625 0.35 0.0234375 0.0296875
11 0.49296875 0.38671875 0.0125 0.0109375
11 0.4828125 0.3890625 0.0125 0.0109375
11 0.5515625 0.3765625 0.0140625 0.009375
11 0.5609375 0.375 0.0125 0.009375
6 0.5609375 0.359375 0.0234375 0.028125
6 0.55703125 0.33671875 0.0234375 0.028125
6 0.54140625 0.3390625 0.0234375 0.028125
6 0.5453125 0.36171875 0.0234375 0.028125
6 0.57578125 0.43515625 0.021875 0.028125
6 0.57890625 0.45859375 0.0234375 0.028125
6 0.58359375 0.48203125 0.025 0.0296875
6 0.5671875 0.4859375 0.0234375 0.03125
6 0.56328125 0.4609375 0.0234375 0.028125
6 0.55859375 0.43828125 0.021875 0.028125
6 0.515625 0.4453125 0.021875 0.0296875
6 0.51953125 0.46875 0.021875 0.028125
6 0.52421875 0.4921875 0.021875 0.028125
6 0.5078125 0.4953125 0.0234375 0.0296875
6 0.50390625 0.471875 0.0234375 0.0296875
6 0.5 0.4484375 0.025 0.0296875
11 0.54375 0.4890625 0.009375 0.0265625
11 0.5484375 0.48828125 0.0109375 0.0265625
11 0.54453125 0.4640625 0.0109375 0.0265625
11 0.540625 0.44140625 0.0109375 0.028125
11 0.5359375 0.4421875 0.0109375 0.028125
11 0.53984375 0.46484375 0.0109375 0.0265625
11 0.478125 0.45234375 0.0109375 0.025
11 0.48203125 0.475 0.009375 0.025
11 0.4859375 0.4984375 0.009375 0.0265625
11 0.6 0.45546875 0.01875 0.071875
11 0.46015625 0.46328125 0.0140625 0.0109375
11 0.45078125 0.46484375 0.0125 0.0109375
11 0.4203125 0.46953125 0.0140625 0.0125
11 0.41015625 0.471875 0.0140625 0.0109375
6 0.42578125 0.484375 0.0234375 0.028125
6 0.4296875 0.50859375 0.0234375 0.028125
6 0.4140625 0.5109375 0.0234375 0.028125
6 0.409375 0.4875 0.0234375 0.028125
6 0.465625 0.478125 0.021875 0.028125
6 0.4703125 0.5015625 0.021875 0.0296875
6 0.45390625 0.5046875 0.0234375 0.0296875
6 0.45 0.48046875 0.0234375 0.028125
9 0.6015625 0.321875 0.0375 0.0234375
8 0.59609375 0.3609375 0.0234375 0.021875