11 0.71015625 0.60390625 0.03125 0.0203125
0 0.7171875 0.571875 0.0484375 0.0390625
2 0.803125 0.6015625 0.053125 0.046875
2 0.80390625 0.55078125 0.0515625 0.0484375
3 0.809375 0.390625 0.03125 0.078125
6 0.75234375 0.3875 0.01875 0.0265625
6 0.75390625 0.3640625 0.0203125 0.0265625
6 0.7703125 0.36640625 0.0203125 0.028125
6 0.76875 0.38984375 0.0203125 0.025
6 0.7109375 0.38515625 0.0203125 0.028125
6 0.7125 0.3625 0.0203125 0.028125
6 0.72890625 0.3625 0.0203125 0.028125
6 0.72734375 0.3859375 0.0203125 0.028125
11 0.71796875 0.4015625 0.0234375 0.009375
11 0.6765625 0.3984375 0.021875 0.009375
11 0.63515625 0.39609375 0.0234375 0.009375
11 0.759375 0.40390625 0.0234375 0.009375
6 0.6859375 0.38359375 0.021875 0.0265625
6 0.66953125 0.3828125 0.0203125 0.0265625
6 0.67109375 0.359375 0.021875 0.028125
6 0.6875 0.36015625 0.021875 0.028125
6 0.64375 0.38046875 0.021875 0.0265625
6 0.62734375 0.3796875 0.0203125 0.028125
6 0.6296875 0.35625 0.0203125 0.0265625
6 0.6453125 0.3578125 0.021875 0.0265625
8 0.5984375 0.3796875 0.0125 0.0140625
8 0.58203125 0.378125 0.0140625 0.015625
6 0.58125 0.35390625 0.01875 0.028125
3 0.54921875 0.36328125 0.028125 0.04375
6 0.4953125 0.346875 0.0203125 0.028125
6 0.49296875 0.37109375 0.0203125 0.0265625
6 0.509375 0.371875 0.0203125 0.0265625
6 0.51171875 0.3484375 0.0203125 0.028125
11 0.4953125 0.38671875 0.0125 0.009375
11 0.50546875 0.3875 0.0109375 0.009375
11 0.4359375 0.3828125 0.0125 0.009375
11 0.42578125 0.38203125 0.0125 0.009375
6 0.425 0.36640625 0.021875 0.0265625
6 0.4265625 0.34375 0.0203125 0.0265625
6 0.4421875 0.34375 0.021875 0.0265625
6 0.440625 0.3671875 0.0203125 0.0265625
6 0.41796875 0.44296875 0.0203125 0.0265625
6 0.4171875 0.46640625 0.021875 0.0265625
6 0.415625 0.490625 0.021875 0.028125
6 0.43125 0.49296875 0.0203125 0.0296875
6 0.43359375 0.46796875 0.0203125 0.0265625
6 0.43515625 0.44453125 0.0203125 0.0265625
6 0.47890625 0.44765625 0.01875 0.028125
6 0.47734375 0.47109375 0.0203125 0.0265625
6 0.475 0.49453125 0.0203125 0.0265625
6 0.49140625 0.49609375 0.0203125 0.028125
6 0.49296875 0.471875 0.021875 0.028125
6 0.4953125 0.4484375 0.021875 0.0265625
11 0.4546875 0.49375 0.0078125 0.0265625
11 0.45 0.49375 0.0078125 0.0265625
11 0.45234375 0.46953125 0.0078125 0.0265625
11 0.45390625 0.44609375 0.009375 0.0265625
11 0.45859375 0.44609375 0.009375 0.0265625
11 0.45703125 0.46953125 0.009375 0.0265625
11 0.51640625 0.45 0.0078125 0.025
11 0.51484375 0.4734375 0.0078125 0.025
11 0.51328125 0.496875 0.0078125 0.0265625
11 0.39609375 0.46640625 0.0109375 0.0734375
11 0.5359375 0.459375 0.0125 0.0109375
11 0.5453125 0.46015625 0.0125 0.009375
11 0.5765625 0.46171875 0.0125 0.0109375
11 0.58671875 0.46328125 0.0125 0.0109375
6 0.571875 0.4765625 0.0203125 0.0265625
6 0.5703125 0.50078125 0.021875 0.0265625
6 0.58671875 0.50234375 0.0203125 0.0265625
6 0.58828125 0.478125 0.0203125 0.0265625
6 0.53125 0.475 0.0203125 0.0265625
6 0.5296875 0.4984375 0.0203125 0.028125
6 0.54609375 0.5 0.0203125 0.028125
6 0.54765625 0.475 0.021875 0.0265625
9 0.38046875 0.33359375 0.0359375 0.0203125
8 0.38984375 0.371875 0.021875 0.01875