6 0.63671875 0.56171875 0.01875 0.028125
6 0.6359375 0.53515625 0.01875 0.028125
6 0.634375 0.5078125 0.01875 0.028125
6 0.6515625 0.50703125 0.01875 0.0296875
6 0.65390625 0.53515625 0.01875 0.028125
6 0.6546875 0.56171875 0.01875 0.0296875
6 0.6921875 0.50546875 0.01875 0.0296875
6 0.69375 0.5328125 0.01875 0.028125
6 0.69453125 0.559375 0.01875 0.0296875
1 0.66796875 0.415625 0.03125 0.0359375
1 0.63828125 0.4171875 0.03125 0.0359375
2 0.590625 0.41640625 0.0453125 0.0609375
2 0.5375 0.41953125 0.0484375 0.059375
6 0.5796875 0.34453125 0.01875 0.0296875
6 0.5953125 0.315625 0.01875 0.028125
6 0.578125 0.3171875 0.01875 0.028125
6 0.57578125 0.29140625 0.01875 0.0296875
6 0.59375 0.2890625 0.01875 0.028125
6 0.93671875 0.28046875 0.021875 0.0265625
6 0.9171875 0.28203125 0.021875 0.0265625
6 0.8984375 0.2828125 0.021875 0.0265625
6 0.9390625 0.32109375 0.021875 0.028125
6 0.91953125 0.32265625 0.021875 0.028125
6 0.90078125 0.32421875 0.021875 0.028125
6 0.90078125 0.346875 0.021875 0.0265625
6 0.9203125 0.34609375 0.021875 0.0265625
6 0.9390625 0.3453125 0.021875 0.0265625
6 0.94296875 0.403125 0.021875 0.0265625
6 0.92421875 0.40390625 0.021875 0.0265625
6 0.9046875 0.40546875 0.021875 0.028125
6 0.94375 0.4265625 0.021875 0.0265625
6 0.925 0.42734375 0.021875 0.0265625
6 0.90546875 0.42890625 0.021875 0.0265625
6 0.8546875 0.36953125 0.021875 0.025
6 0.83515625 0.3703125 0.021875 0.0265625
6 0.8546875 0.3921875 0.021875 0.0265625
6 0.8359375 0.39296875 0.021875 0.0265625
6 0.8578125 0.45 0.021875 0.025
6 0.8390625 0.45078125 0.021875 0.0265625
6 0.859375 0.4734375 0.021875 0.025
6 0.840625 0.47421875 0.021875 0.0265625
6 0.90859375 0.4875 0.021875 0.0265625
6 0.928125 0.4859375 0.021875 0.0265625
6 0.946875 0.48515625 0.0234375 0.0265625
6 0.9484375 0.5078125 0.0234375 0.0265625
6 0.92890625 0.509375 0.021875 0.0265625
6 0.909375 0.5109375 0.021875 0.0265625
6 0.95 0.54921875 0.021875 0.0265625
6 0.93125 0.55 0.021875 0.0265625
6 0.9125 0.55078125 0.021875 0.0265625
6 0.86328125 0.55390625 0.021875 0.0265625
6 0.84453125 0.5546875 0.021875 0.0265625
6 0.84375 0.53203125 0.021875 0.0265625
6 0.86328125 0.53125 0.0203125 0.0265625
11 0.84296875 0.34453125 0.040625 0.0109375
11 0.9375 0.296875 0.021875 0.0109375
11 0.91796875 0.29765625 0.0203125 0.0109375
11 0.89921875 0.29921875 0.0203125 0.0109375
11 0.915625 0.25625 0.059375 0.0109375
11 0.921875 0.375 0.059375 0.01875
11 0.846875 0.421875 0.040625 0.0171875
11 0.9265625 0.45625 0.059375 0.01875
11 0.95 0.534375 0.0203125 0.009375
11 0.93046875 0.534375 0.0203125 0.009375
11 0.9109375 0.53671875 0.0203125 0.0109375
11 0.8515625 0.50234375 0.040625 0.0171875
11 0.79765625 0.52734375 0.009375 0.05625
11 0.85546875 0.5796875 0.040625 0.0109375
11 0.93359375 0.57578125 0.059375 0.0109375
11 0.96484375 0.6421875 0.009375 0.05625
11 0.909375 0.6453125 0.0140625 0.05625
11 0.853125 0.64921875 0.0140625 0.05625
11 0.79609375 0.65078125 0.0140625 0.0578125
11 0.6796875 0.65703125 0.0140625 0.05625
11 0.61640625 0.5359375 0.015625 0.084375
11 0.6734375 0.5328125 0.0171875 0.084375
10 0.52109375 0.67734375 0.0265625 0.0390625
10 0.4875 0.67890625 0.028125 0.0390625
10 0.4546875 0.68046875 0.0265625 0.0375
10 0.42109375 0.68203125 0.0265625 0.0390625
10 0.43515625 0.63984375 0.028125 0.0390625
10 0.46953125 0.63828125 0.0265625 0.0375
10 0.50234375 0.63671875 0.0265625 0.0375
10 0.4734375 0.578125 0.0203125 0.028125
10 0.4453125 0.5796875 0.0203125 0.0265625
10 0.45390625 0.54453125 0.0203125 0.028125
10 0.48359375 0.54375 0.0203125 0.028125
10 0.48359375 0.50703125 0.0203125 0.028125
10 0.45546875 0.50859375 0.0203125 0.028125
2 0.5078125 0.5625 0.04375 0.065625
9 0.5109375 0.50859375 0.03125 0.040625
0 0.38203125 0.671875 0.028125 0.0609375
0 0.3515625 0.6734375 0.0265625 0.0609375
0 0.32109375 0.675 0.0265625 0.059375
2 0.3890625 0.425 0.0359375 0.0359375
1 0.46875 0.42578125 0.0609375 0.0359375
3 0.4203125 0.325 0.0921875 0.05
3 0.50234375 0.31796875 0.034375 0.0640625
9 0.53125 0.3265625 0.0125 0.0375
6 0.5328125 0.29296875 0.01875 0.0296875
11 0.55078125 0.2921875 0.0078125 0.0296875
11 0.559375 0.31875 0.0109375 0.0828125
6 0.59609375 0.34375 0.01875 0.0296875
6 0.6421875 0.28671875 0.01875 0.0296875
6 0.64296875 0.3140625 0.01875 0.0296875
6 0.64453125 0.34140625 0.0203125 0.0296875
6 0.66171875 0.33984375 0.01875 0.03125
6 0.659375 0.31328125 0.01875 0.0296875
6 0.6578125 0.2859375 0.01875 0.0296875
11 0.61875 0.315625 0.015625 0.084375
11 0.678125 0.3125 0.0109375 0.0828125
9 0.709375 0.4171875 0.0234375 0.0296875
10 0.5796875 0.67421875 0.0265625 0.0359375
11 0.6234375 0.66015625 0.0140625 0.05625
6 0.65859375 0.6453125 0.0203125 0.03125
6 0.6421875 0.646875 0.01875 0.03125
6 0.64375 0.6734375 0.0203125 0.03125
6 0.659375 0.671875 0.0203125 0.03125
6 0.603125 0.67421875 0.01875 0.0296875
6 0.6015625 0.64765625 0.0203125 0.0296875
6 0.70078125 0.66953125 0.01875 0.0296875
6 0.69921875 0.64296875 0.0203125 0.0296875
7 0.72890625 0.66171875 0.0203125 0.04375
11 0.71328125 0.66875 0.0078125 0.0296875
10 0.7515625 0.66328125 0.025 0.0375
6 0.7765625 0.66640625 0.0203125 0.0296875
6 0.775 0.6390625 0.0203125 0.03125
3 0.73203125 0.56015625 0.046875 0.04375
10 0.5453125 0.56171875 0.0265625 0.0359375
10 0.5734375 0.559375 0.025 0.0328125
10 0.57109375 0.51796875 0.025 0.034375
10 0.5421875 0.51953125 0.025 0.034375
7 0.55625 0.67109375 0.0203125 0.0453125
11 0.53984375 0.678125 0.0078125 0.0296875
6 0.81640625 0.63671875 0.01875 0.0296875
6 0.8171875 0.6640625 0.0203125 0.0296875
6 0.8328125 0.6625 0.0203125 0.03125
6 0.83203125 0.6359375 0.01875 0.0296875
6 0.87265625 0.63359375 0.0203125 0.0296875
6 0.8734375 0.6609375 0.01875 0.0296875
6 0.88984375 0.659375 0.01875 0.03125
6 0.8890625 0.6328125 0.01875 0.0296875
6 0.93046875 0.63046875 0.0203125 0.03125
6 0.93125 0.6578125 0.01875 0.03125
6 0.94765625 0.65703125 0.01875 0.03125
6 0.9453125 0.6296875 0.01875 0.0296875
8 0.7125 0.2765625 0.0265625 0.0203125