6 0.62578125 0.41796875 0.0203125 0.0296875
6 0.628125 0.44375 0.0203125 0.028125
6 0.63125 0.47109375 0.0203125 0.028125
6 0.6484375 0.46953125 0.0203125 0.0296875
6 0.64609375 0.44140625 0.0203125 0.028125
6 0.64375 0.41484375 0.0203125 0.0296875
6 0.6890625 0.46484375 0.0203125 0.0296875
6 0.6859375 0.4375 0.0203125 0.0296875
6 0.6828125 0.4109375 0.0203125 0.0296875
1 0.67890625 0.55703125 0.0328125 0.0375
1 0.64921875 0.56015625 0.0328125 0.0375
2 0.60234375 0.56875 0.0484375 0.0640625
2 0.54921875 0.5734375 0.0515625 0.0625
6 0.603125 0.640625 0.0203125 0.0296875
6 0.62265625 0.6671875 0.0203125 0.0296875
6 0.60546875 0.66796875 0.0203125 0.0296875
6 0.6078125 0.69453125 0.0203125 0.0296875
6 0.62578125 0.69375 0.0203125 0.0296875
6 0.965625 0.6484375 0.0234375 0.028125
6 0.94609375 0.65 0.0234375 0.0265625
6 0.92734375 0.65234375 0.0234375 0.0265625
6 0.96171875 0.6078125 0.0234375 0.028125
6 0.9421875 0.61015625 0.0234375 0.0296875
6 0.9234375 0.6109375 0.0234375 0.028125
6 0.9203125 0.58828125 0.0234375 0.0265625
6 0.93984375 0.58671875 0.0234375 0.0265625
6 0.9578125 0.58359375 0.0234375 0.0265625
6 0.953125 0.5265625 0.0234375 0.0265625
6 0.934375 0.528125 0.0234375 0.028125
6 0.91484375 0.53046875 0.0234375 0.028125
6 0.95 0.503125 0.0234375 0.028125
6 0.93125 0.5046875 0.0234375 0.0265625
6 0.91171875 0.50703125 0.0234375 0.028125
6 0.8703125 0.5734375 0.0234375 0.0265625
6 0.8515625 0.57578125 0.0234375 0.0265625
6 0.8671875 0.55078125 0.0234375 0.0265625
6 0.84921875 0.553125 0.0234375 0.0265625
6 0.86171875 0.49375 0.0234375 0.0265625
6 0.84296875 0.4953125 0.0234375 0.0265625
6 0.859375 0.4703125 0.0234375 0.0265625
6 0.840625 0.471875 0.0234375 0.0265625
6 0.90546875 0.4484375 0.0234375 0.0265625
6 0.925 0.446875 0.0234375 0.0265625
6 0.94375 0.44453125 0.025 0.0265625
6 0.9421875 0.421875 0.025 0.0265625
6 0.92265625 0.4234375 0.0234375 0.0265625
6 0.903125 0.42578125 0.0234375 0.0265625
6 0.93671875 0.38125 0.0234375 0.028125
6 0.91796875 0.3828125 0.0234375 0.028125
6 0.89921875 0.38515625 0.0234375 0.028125
6 0.85078125 0.38984375 0.0234375 0.028125
6 0.83203125 0.3921875 0.0234375 0.028125
6 0.834375 0.41484375 0.0234375 0.0265625
6 0.85390625 0.4125 0.021875 0.0265625
11 0.86328125 0.6 0.040625 0.0140625
11 0.9640625 0.63203125 0.021875 0.0125
11 0.94453125 0.634375 0.0203125 0.0109375
11 0.92578125 0.6359375 0.021875 0.0125
11 0.94921875 0.67578125 0.059375 0.0140625
11 0.93671875 0.55703125 0.0609375 0.021875
11 0.85546875 0.5234375 0.040625 0.0203125
11 0.928125 0.4765625 0.059375 0.021875
11 0.9390625 0.39609375 0.021875 0.0109375
11 0.91953125 0.3984375 0.021875 0.0109375
11 0.9 0.4 0.021875 0.0109375
11 0.846875 0.4421875 0.0421875 0.0203125
11 0.78984375 0.4265625 0.0125 0.05625
11 0.83828125 0.365625 0.040625 0.0125
11 0.91640625 0.35703125 0.059375 0.0140625
11 0.9375 0.28671875 0.0125 0.05625
11 0.88203125 0.2921875 0.0171875 0.0578125
11 0.825 0.29765625 0.0171875 0.0578125
11 0.76875 0.3046875 0.0171875 0.0578125
11 0.653125 0.31640625 0.0171875 0.0578125
11 0.609375 0.44609375 0.0203125 0.084375
11 0.665625 0.43984375 0.021875 0.084375
10 0.49296875 0.321875 0.028125 0.040625
10 0.459375 0.325 0.0296875 0.040625
10 0.42734375 0.32890625 0.028125 0.0390625
10 0.39375 0.3328125 0.028125 0.0390625
10 0.4140625 0.37265625 0.0296875 0.040625
10 0.4484375 0.36796875 0.028125 0.0390625
10 0.48125 0.36484375 0.028125 0.0390625
10 0.46171875 0.42734375 0.021875 0.028125
10 0.43359375 0.4296875 0.021875 0.028125
10 0.44765625 0.46328125 0.021875 0.028125
10 0.4765625 0.459375 0.021875 0.0296875
10 0.4828125 0.4953125 0.021875 0.0296875
10 0.4546875 0.4984375 0.021875 0.028125
2 0.4984375 0.4375 0.046875 0.0671875
9 0.509375 0.48984375 0.034375 0.0421875
0 0.35703125 0.3484375 0.03125 0.0609375
0 0.3265625 0.3515625 0.0296875 0.0609375
0 0.29609375 0.3546875 0.0296875 0.0609375
2 0.40234375 0.59140625 0.0375 0.0375
1 0.48046875 0.578125 0.0625 0.0390625
3 0.4484375 0.68515625 0.0953125 0.0546875
3 0.53046875 0.6796875 0.0375 0.065625
9 0.55859375 0.66640625 0.0140625 0.0390625
6 0.56484375 0.69921875 0.0203125 0.03125
11 0.5828125 0.696875 0.009375 0.0296875
11 0.58671875 0.6703125 0.015625 0.0828125
6 0.61875 0.6390625 0.0203125 0.03125
6 0.6734375 0.68828125 0.0203125 0.03125
6 0.6703125 0.6609375 0.0203125 0.03125
6 0.6671875 0.634375 0.021875 0.03125
6 0.684375 0.6328125 0.0203125 0.03125
6 0.68671875 0.659375 0.0203125 0.0296875
6 0.6890625 0.68671875 0.0203125 0.03125
11 0.64609375 0.6640625 0.0203125 0.084375
11 0.70546875 0.6578125 0.0140625 0.0828125
9 0.71953125 0.54921875 0.025 0.0296875
10 0.5515625 0.315625 0.028125 0.0375
11 0.596875 0.32265625 0.0171875 0.0578125
6 0.63359375 0.33203125 0.021875 0.03125
6 0.6171875 0.3328125 0.0203125 0.03125
6 0.61484375 0.30625 0.021875 0.03125
6 0.63046875 0.30546875 0.021875 0.03125
6 0.57421875 0.31171875 0.0203125 0.03125
6 0.57734375 0.33828125 0.021875 0.03125
6 0.671875 0.3015625 0.0203125 0.03125
6 0.67421875 0.32734375 0.021875 0.03125
7 0.70078125 0.3046875 0.021875 0.0453125
11 0.684375 0.3 0.009375 0.0296875
10 0.7234375 0.29921875 0.0265625 0.0375
6 0.746875 0.29296875 0.021875 0.03125
6 0.75 0.31953125 0.021875 0.03125
3 0.7203125 0.4046875 0.0484375 0.0453125
10 0.53515625 0.43203125 0.028125 0.0359375
10 0.56328125 0.4296875 0.0265625 0.034375
10 0.56796875 0.47109375 0.0265625 0.034375
10 0.5390625 0.47421875 0.0265625 0.0359375
7 0.528125 0.32265625 0.021875 0.046875
11 0.51171875 0.31796875 0.009375 0.0296875
6 0.790625 0.315625 0.0203125 0.03125
6 0.7875 0.28828125 0.021875 0.03125
6 0.80390625 0.2875 0.0203125 0.0328125
6 0.80625 0.3140625 0.0203125 0.03125
6 0.846875 0.309375 0.021875 0.03125
6 0.84375 0.28203125 0.0203125 0.03125
6 0.86015625 0.28125 0.0203125 0.03125
6 0.86328125 0.3078125 0.0203125 0.03125
6 0.9046875 0.30390625 0.021875 0.03125
6 0.9015625 0.2765625 0.0203125 0.03125
6 0.91796875 0.275 0.0203125 0.03125
6 0.91953125 0.3015625 0.0203125 0.03125
8 0.7453125 0.6875 0.0265625 0.021875