6 0.36640625 0.56875 0.0171875 0.02734375
6 0.36640625 0.5421875 0.01796875 0.0265625
6 0.36640625 0.51484375 0.0171875 0.0265625
6 0.34921875 0.51484375 0.0171875 0.028125
6 0.3484375 0.54296875 0.0171875 0.0265625
6 0.3484375 0.56953125 0.01796875 0.028125
6 0.30859375 0.515625 0.0171875 0.028125
6 0.30859375 0.54296875 0.01796875 0.02734375
6 0.30859375 0.56953125 0.01796875 0.028125
1 0.328125 0.42421875 0.02890625 0.03515625
1 0.3578125 0.42421875 0.0296875 0.03515625
2 0.40546875 0.42109375 0.04296875 0.059375
2 0.45859375 0.421875 0.04609375 0.0578125
6 0.4125 0.34921875 0.0171875 0.028125
6 0.3953125 0.32109375 0.01796875 0.02734375
6 0.4125 0.321875 0.0171875 0.02734375
6 0.41328125 0.2953125 0.01796875 0.028125
6 0.3953125 0.29453125 0.0171875 0.02734375
6 0.05234375 0.30390625 0.02109375 0.02578125
6 0.071875 0.30390625 0.0203125 0.025
6 0.090625 0.30390625 0.0203125 0.025
6 0.05234375 0.34453125 0.0203125 0.0265625
6 0.071875 0.34453125 0.0203125 0.02734375
6 0.090625 0.3453125 0.0203125 0.0265625
6 0.09140625 0.36796875 0.0203125 0.025
6 0.071875 0.36796875 0.0203125 0.025
6 0.053125 0.36875 0.0203125 0.025
6 0.05234375 0.4265625 0.02109375 0.025
6 0.07109375 0.4265625 0.02109375 0.02578125
6 0.090625 0.4265625 0.02109375 0.0265625
6 0.053125 0.45 0.0203125 0.02578125
6 0.071875 0.45 0.0203125 0.025
6 0.09140625 0.45 0.0203125 0.02578125
6 0.1390625 0.38828125 0.0203125 0.02421875
6 0.15859375 0.38828125 0.02109375 0.025
6 0.13984375 0.4109375 0.0203125 0.025
6 0.15859375 0.4109375 0.0203125 0.025
6 0.13984375 0.46875 0.02109375 0.02421875
6 0.15859375 0.46875 0.0203125 0.025
6 0.13984375 0.4921875 0.0203125 0.02421875
6 0.15859375 0.4921875 0.0203125 0.025
6 0.09140625 0.50859375 0.02109375 0.025
6 0.071875 0.50859375 0.02109375 0.025
6 0.053125 0.50859375 0.021875 0.025
6 0.05234375 0.53125 0.021875 0.025
6 0.071875 0.53203125 0.02109375 0.025
6 0.09140625 0.53203125 0.02109375 0.025
6 0.053125 0.57265625 0.0203125 0.02578125
6 0.071875 0.57265625 0.0203125 0.02578125
6 0.090625 0.57265625 0.02109375 0.02578125
6 0.13984375 0.57265625 0.02109375 0.02578125
6 0.15859375 0.57265625 0.02109375 0.02578125
6 0.15859375 0.55 0.02109375 0.025
6 0.1390625 0.55 0.01953125 0.025
11 0.14921875 0.3625 0.040625 0.009375
11 0.05234375 0.3203125 0.02109375 0.01015625
11 0.071875 0.31953125 0.01953125 0.009375
11 0.090625 0.3203125 0.0203125 0.01015625
11 0.071875 0.278125 0.05859375 0.0078125
11 0.071875 0.39765625 0.059375 0.01640625
11 0.14921875 0.43984375 0.03984375 0.015625
11 0.071875 0.47890625 0.05859375 0.01640625
11 0.05234375 0.5578125 0.0203125 0.00859375
11 0.071875 0.55703125 0.0203125 0.00859375
11 0.09140625 0.5578125 0.0203125 0.009375
11 0.14921875 0.52109375 0.040625 0.015625
11 0.20390625 0.54296875 0.00625 0.05625
11 0.14921875 0.5984375 0.040625 0.00859375
11 0.07109375 0.5984375 0.059375 0.00859375
11 0.04296875 0.66640625 0.00625 0.05625
11 0.0984375 0.66640625 0.01171875 0.05625
11 0.15546875 0.6671875 0.0109375 0.05625
11 0.2125 0.66640625 0.01171875 0.05703125
11 0.32890625 0.66640625 0.01171875 0.05625
11 0.3859375 0.5421875 0.01171875 0.084375
11 0.32890625 0.5421875 0.0125 0.08359375
10 0.48828125 0.678125 0.025 0.0375
10 0.521875 0.678125 0.02578125 0.03828125
10 0.5546875 0.678125 0.025 0.03671875
10 0.58828125 0.67734375 0.02421875 0.0375
10 0.571875 0.6359375 0.02578125 0.0375
10 0.5375 0.63671875 0.025 0.03671875
10 0.5046875 0.63671875 0.025 0.03671875
10 0.53046875 0.5765625 0.01953125 0.0265625
10 0.55859375 0.5765625 0.01875 0.02578125
10 0.5484375 0.5421875 0.01953125 0.0265625
10 0.51875 0.54296875 0.01875 0.02734375
10 0.51640625 0.50625 0.01875 0.02734375
10 0.54453125 0.50625 0.01953125 0.0265625
2 0.4953125 0.5625 0.040625 0.06328125
9 0.48984375 0.509375 0.0296875 0.0390625
0 0.6265625 0.665625 0.025 0.059375
0 0.65703125 0.665625 0.0234375 0.059375
0 0.6875 0.665625 0.02421875 0.05859375
2 0.60703125 0.41953125 0.03359375 0.034375
1 0.52734375 0.42421875 0.059375 0.03359375
3 0.5703125 0.32109375 0.090625 0.0453125
3 0.48828125 0.31796875 0.03046875 0.0625
9 0.459375 0.328125 0.01015625 0.0375
6 0.45625 0.2953125 0.01796875 0.02890625
11 0.43828125 0.2953125 0.00625 0.02890625
11 0.43125 0.321875 0.00625 0.0828125
6 0.39609375 0.34921875 0.0171875 0.02890625
6 0.346875 0.29453125 0.01796875 0.02890625
6 0.34765625 0.321875 0.01796875 0.02890625
6 0.34765625 0.34921875 0.01875 0.02890625
6 0.33046875 0.3484375 0.01796875 0.0296875
6 0.33125 0.321875 0.01796875 0.028125
6 0.33125 0.29453125 0.01796875 0.02890625
11 0.371875 0.321875 0.01171875 0.084375
11 0.3125 0.321875 0.00625 0.08203125
9 0.28671875 0.428125 0.021875 0.028125
10 0.4296875 0.678125 0.025 0.03515625
11 0.38515625 0.66640625 0.01171875 0.05625
6 0.34921875 0.653125 0.01875 0.0296875
6 0.365625 0.65390625 0.01796875 0.0296875
6 0.365625 0.68046875 0.01875 0.0296875
6 0.35 0.6796875 0.01875 0.0296875
6 0.40625 0.6796875 0.01796875 0.02890625
6 0.40625 0.653125 0.01875 0.02890625
6 0.30859375 0.6796875 0.01796875 0.02890625
6 0.30859375 0.653125 0.01875 0.02890625
7 0.2796875 0.6734375 0.01796875 0.04296875
11 0.29609375 0.6796875 0.00625 0.02890625
10 0.25703125 0.6765625 0.0234375 0.0359375
6 0.2328125 0.68046875 0.01875 0.02890625
6 0.2328125 0.653125 0.01875 0.0296875
3 0.27109375 0.571875 0.04453125 0.04140625
10 0.4578125 0.5640625 0.02421875 0.034375
10 0.4296875 0.56328125 0.0234375 0.03203125
10 0.4296875 0.521875 0.0234375 0.0328125
10 0.45859375 0.521875 0.0234375 0.03359375
7 0.453125 0.6734375 0.01796875 0.04453125
11 0.46953125 0.6796875 0.00703125 0.02890625
6 0.19140625 0.653125 0.01796875 0.02890625
6 0.1921875 0.68046875 0.01875 0.02890625
6 0.17578125 0.6796875 0.01796875 0.03046875
6 0.17578125 0.653125 0.01796875 0.02890625
6 0.13515625 0.653125 0.01875 0.02890625
6 0.13515625 0.68046875 0.01796875 0.02890625
6 0.11875 0.6796875 0.01796875 0.0296875
6 0.11875 0.653125 0.01796875 0.02890625
6 0.07734375 0.653125 0.01875 0.0296875
6 0.07734375 0.68046875 0.01796875 0.0296875
6 0.0609375 0.68046875 0.0171875 0.0296875
6 0.06171875 0.653125 0.01796875 0.02890625
8 0.27578125 0.28828125 0.025 0.01953125