3 0.59921875 0.74140625 0.0796875 0.15625
10 0.58515625 0.590625 0.0609375 0.0765625
10 0.571875 0.51640625 0.059375 0.0734375
10 0.6375 0.5140625 0.0421875 0.053125
9 0.421875 0.43359375 0.065625 0.0546875
2 0.57734375 0.4234375 0.0328125 0.0421875
9 0.6328125 0.4140625 0.0328125 0.0359375
7 0.79140625 0.55390625 0.05 0.0609375
11 0.79921875 0.5984375 0.04375 0.025
7 0.78515625 0.5015625 0.0515625 0.0609375
7 0.7671875 0.39375 0.0484375 0.059375
7 0.75859375 0.3421875 0.05 0.0609375
7 0.7421875 0.23515625 0.05 0.0609375
7 0.73515625 0.18359375 0.05 0.0625
11 0.728125 0.1453125 0.04375 0.025
11 0.74921875 0.278125 0.0453125 0.0265625
11 0.75234375 0.29609375 0.04375 0.0234375
11 0.77421875 0.43671875 0.04375 0.028125
11 0.778125 0.45625 0.04375 0.025
6 0.6015625 0.28671875 0.0484375 0.0609375
6 0.59296875 0.234375 0.05 0.0609375
6 0.55390625 0.2390625 0.0515625 0.0640625
6 0.5140625 0.24375 0.05 0.0640625
6 0.52265625 0.29765625 0.05 0.0625
6 0.5609375 0.2921875 0.053125 0.0625
6 0.44296875 0.31171875 0.05 0.059375
6 0.43515625 0.25859375 0.05 0.0625
6 0.3953125 0.2640625 0.05 0.0625
6 0.403125 0.31875 0.05 0.0609375
11 0.5625 0.3703125 0.103125 0.0484375
11 0.434375 0.38984375 0.1015625 0.046875
1 0.5265625 0.56640625 0.046875 0.090625
8 0.6484375 0.5890625 0.0453125 0.0484375
8 0.7390625 0.5953125 0.028125 0.034375
8 0.71953125 0.478125 0.028125 0.0359375
8 0.71328125 0.43515625 0.028125 0.0359375
8 0.69453125 0.31796875 0.0265625 0.034375
8 0.6875 0.275 0.0265625 0.034375
8 0.6703125 0.16640625 0.025 0.034375