3 0.56015625 0.24609375 0.0578125 0.14921875
10 0.56953125 0.396875 0.0515625 0.06875
10 0.56875 0.47265625 0.04921875 0.06640625
10 0.63359375 0.46484375 0.03515625 0.0484375
9 0.43359375 0.578125 0.059375 0.04609375
2 0.58828125 0.56328125 0.02734375 0.0390625
9 0.64453125 0.5640625 0.02890625 0.03203125
7 0.7796875 0.40078125 0.0421875 0.0546875
11 0.78046875 0.35625 0.04140625 0.01796875
7 0.78125 0.45390625 0.04296875 0.0546875
7 0.78046875 0.56328125 0.040625 0.05390625
7 0.78046875 0.615625 0.04140625 0.0546875
7 0.78046875 0.7234375 0.04140625 0.0546875
7 0.78203125 0.77578125 0.0421875 0.05703125
11 0.78046875 0.81484375 0.04140625 0.01875
11 0.78125 0.68046875 0.04296875 0.0203125
11 0.78125 0.66171875 0.04140625 0.01640625
11 0.78046875 0.51953125 0.040625 0.021875
11 0.78125 0.5 0.040625 0.01953125
6 0.63359375 0.69453125 0.040625 0.05546875
6 0.63359375 0.74765625 0.0421875 0.05546875
6 0.59375 0.74921875 0.0421875 0.05859375
6 0.55390625 0.75078125 0.04140625 0.05859375
6 0.55390625 0.69609375 0.0421875 0.05703125
6 0.59296875 0.6953125 0.04453125 0.05546875
6 0.4734375 0.69453125 0.0421875 0.05390625
6 0.4734375 0.7484375 0.0421875 0.05625
6 0.43359375 0.74921875 0.04140625 0.05703125
6 0.4328125 0.69453125 0.04140625 0.05546875
11 0.58203125 0.61796875 0.0984375 0.03359375
11 0.45234375 0.61875 0.09765625 0.03203125
1 0.515625 0.43046875 0.034375 0.0859375
8 0.6328125 0.3890625 0.03828125 0.04375
8 0.72109375 0.36875 0.0234375 0.03125
8 0.7203125 0.4875 0.02265625 0.0328125
8 0.72109375 0.53046875 0.0234375 0.03203125
8 0.7203125 0.64921875 0.02265625 0.03046875
8 0.7203125 0.69296875 0.02265625 0.03125
8 0.7203125 0.803125 0.02109375 0.03125