3 0.51953125 0.76015625 0.0796875 0.15625
10 0.55234375 0.6125 0.0609375 0.0765625
10 0.56328125 0.5375 0.059375 0.0734375
10 0.6265625 0.55546875 0.0421875 0.053125
9 0.446875 0.4125 0.065625 0.0546875
2 0.596875 0.4515625 0.0328125 0.0421875
9 0.653125 0.459375 0.0328125 0.0359375
7 0.7609375 0.64140625 0.05 0.0609375
11 0.7546875 0.6859375 0.04375 0.025
7 0.7703125 0.58984375 0.0515625 0.0609375
7 0.78671875 0.48125 0.0484375 0.059375
7 0.7953125 0.4296875 0.05 0.0609375
7 0.81171875 0.3234375 0.05 0.0609375
7 0.821875 0.271875 0.05 0.0625
11 0.8265625 0.2328125 0.04375 0.025
11 0.80625 0.365625 0.0453125 0.0265625
11 0.803125 0.384375 0.04375 0.0234375
11 0.7796875 0.52421875 0.04375 0.028125
11 0.778125 0.54375 0.04375 0.025
6 0.6625 0.32890625 0.0484375 0.0609375
6 0.6703125 0.2765625 0.05 0.0609375
6 0.63125 0.26875 0.0515625 0.0640625
6 0.5921875 0.2609375 0.05 0.0640625
6 0.58359375 0.31484375 0.05 0.0625
6 0.62265625 0.321875 0.053125 0.0625
6 0.50390625 0.30390625 0.05 0.059375
6 0.5125 0.25078125 0.05 0.0625
6 0.4734375 0.24375 0.05 0.0625
6 0.4640625 0.29765625 0.05 0.0609375
11 0.59921875 0.39609375 0.103125 0.0484375
11 0.471875 0.375 0.1015625 0.046875
1 0.5046875 0.57109375 0.046875 0.090625
8 0.6140625 0.63046875 0.0453125 0.0484375
8 0.69765625 0.6640625 0.028125 0.034375
8 0.715625 0.546875 0.028125 0.0359375
8 0.7234375 0.5046875 0.028125 0.0359375
8 0.740625 0.38671875 0.0265625 0.034375
8 0.74765625 0.34375 0.0265625 0.034375
8 0.76484375 0.23515625 0.025 0.034375