6 0.225 0.88515625 0.05625 0.0296875
6 0.278125 0.8890625 0.0546875 0.03125
6 0.33125 0.89375 0.05625 0.03125
6 0.3265625 0.79453125 0.05625 0.03125
6 0.27421875 0.78984375 0.0546875 0.03125
6 0.221875 0.78515625 0.0546875 0.03125
6 0.29140625 0.5859375 0.0546875 0.03125
6 0.23984375 0.58125 0.0546875 0.03125
6 0.2421875 0.55546875 0.0546875 0.0296875
6 0.29375 0.56015625 0.0546875 0.03125
6 0.25234375 0.43203125 0.0546875 0.03125
6 0.30546875 0.43671875 0.0546875 0.03125
6 0.2546875 0.40625 0.0546875 0.0296875
6 0.3078125 0.4109375 0.05625 0.0296875
6 0.240625 0.2953125 0.0390625 0.0453125
6 0.24453125 0.24453125 0.0375 0.04375
6 0.26796875 0.11640625 0.0546875 0.03125
6 0.32578125 0.11875 0.05625 0.03125
6 0.690625 0.9234375 0.0546875 0.03125
6 0.7453125 0.928125 0.0546875 0.03125
6 0.65625 0.8078125 0.0546875 0.03125
6 0.7140625 0.8125 0.05625 0.03125
6 0.7703125 0.81796875 0.05625 0.03125
1 0.53671875 0.178125 0.1234375 0.0390625
1 0.43046875 0.0921875 0.1 0.0234375
1 0.51484375 0.0984375 0.0546875 0.0203125
1 0.5765625 0.10078125 0.059375 0.021875
1 0.659375 0.10625 0.103125 0.0265625
11 0.5078125 0.2 0.0703125 0.028125
11 0.56796875 0.2046875 0.0578125 0.028125
3 0.76328125 0.76796875 0.06875 0.0515625
3 0.771875 0.66015625 0.06875 0.0515625
3 0.7640625 0.5578125 0.06875 0.053125
3 0.76875 0.45078125 0.0671875 0.053125
3 0.778125 0.29140625 0.0859375 0.0703125
3 0.7859375 0.22890625 0.084375 0.071875
2 0.28046875 0.7046875 0.1515625 0.096875
5 0.36328125 0.8578125 0.03125 0.0265625
5 0.3765625 0.74453125 0.0328125 0.028125
5 0.69140625 0.775 0.03125 0.0265625
5 0.70078125 0.66953125 0.0328125 0.0265625
5 0.81015625 0.49609375 0.03125 0.0265625
5 0.71328125 0.41640625 0.0265625 0.021875
5 0.82890625 0.35703125 0.03125 0.0265625
5 0.69140625 0.2390625 0.03125 0.025
5 0.61640625 0.20234375 0.03125 0.0265625
5 0.45546875 0.18515625 0.03125 0.0265625
5 0.39765625 0.1015625 0.0328125 0.025
5 0.51640625 0.1234375 0.03125 0.0265625
5 0.56796875 0.128125 0.0328125 0.0265625
5 0.69375 0.11875 0.0296875 0.0265625