6 0.21796875 0.88046875 0.05625 0.03125
6 0.27109375 0.88515625 0.05625 0.03125
6 0.32421875 0.890625 0.05625 0.0328125
6 0.321875 0.79140625 0.05625 0.0328125
6 0.26875 0.7859375 0.05625 0.03125
6 0.21640625 0.78046875 0.05625 0.03125
6 0.290625 0.5828125 0.05625 0.03125
6 0.23828125 0.57734375 0.0546875 0.03125
6 0.240625 0.5515625 0.05625 0.03125
6 0.29296875 0.55703125 0.0546875 0.03125
6 0.25390625 0.428125 0.0546875 0.03125
6 0.30703125 0.43359375 0.05625 0.0328125
6 0.25625 0.40234375 0.05625 0.03125
6 0.309375 0.4078125 0.05625 0.03125
6 0.24375 0.290625 0.0390625 0.0453125
6 0.24921875 0.240625 0.0390625 0.0453125
6 0.27421875 0.1125 0.05625 0.03125
6 0.33203125 0.115625 0.05625 0.0328125
6 0.6828125 0.9265625 0.05625 0.0328125
6 0.73828125 0.9328125 0.05625 0.03125
6 0.6515625 0.81015625 0.05625 0.03125
6 0.70859375 0.81640625 0.05625 0.0328125
6 0.76484375 0.82265625 0.0578125 0.0328125
1 0.5421875 0.178125 0.1234375 0.040625
1 0.4375 0.09140625 0.1 0.025
1 0.521875 0.0984375 0.0546875 0.021875
1 0.58359375 0.1015625 0.059375 0.021875
1 0.665625 0.10859375 0.103125 0.028125
11 0.51328125 0.20078125 0.0703125 0.0296875
11 0.5734375 0.20625 0.0578125 0.028125
3 0.75859375 0.77265625 0.0703125 0.0515625
3 0.76953125 0.66484375 0.06875 0.0515625
3 0.76328125 0.5625 0.06875 0.053125
3 0.76953125 0.45546875 0.0671875 0.0546875
3 0.78125 0.29609375 0.0859375 0.071875
3 0.790625 0.23359375 0.0859375 0.0734375
2 0.27734375 0.70078125 0.153125 0.1
5 0.3578125 0.8546875 0.03125 0.0265625
5 0.37265625 0.74296875 0.034375 0.028125
5 0.68671875 0.778125 0.0328125 0.0265625
5 0.69765625 0.6734375 0.034375 0.028125
5 0.81015625 0.5015625 0.0328125 0.0265625
5 0.71484375 0.4203125 0.0265625 0.021875
5 0.83125 0.3625 0.03125 0.0265625
5 0.69609375 0.2421875 0.03125 0.025
5 0.62109375 0.20390625 0.03125 0.0265625
5 0.4609375 0.18515625 0.03125 0.0265625
5 0.4046875 0.09921875 0.0328125 0.0265625
5 0.52265625 0.1234375 0.0328125 0.0265625
5 0.57421875 0.12890625 0.0328125 0.0265625
5 0.70078125 0.121875 0.03125 0.0265625