6 0.259375 0.0921875 0.05390625 0.02578125
6 0.3125 0.09296875 0.053125 0.0265625
6 0.36640625 0.09296875 0.05390625 0.0265625
6 0.353125 0.19140625 0.05390625 0.0265625
6 0.3 0.19140625 0.053125 0.0265625
6 0.24765625 0.19140625 0.053125 0.0265625
6 0.3 0.39609375 0.053125 0.0265625
6 0.24765625 0.39609375 0.05234375 0.0265625
6 0.24765625 0.421875 0.053125 0.02578125
6 0.3 0.421875 0.05234375 0.0265625
6 0.24765625 0.54609375 0.05234375 0.0265625
6 0.30078125 0.54609375 0.053125 0.02734375
6 0.24765625 0.571875 0.053125 0.02578125
6 0.30078125 0.571875 0.05390625 0.02578125
6 0.2234375 0.68125 0.03515625 0.0421875
6 0.2234375 0.73203125 0.034375 0.04140625
6 0.23515625 0.86171875 0.053125 0.0265625
6 0.29296875 0.86484375 0.05390625 0.02734375
6 0.7265625 0.09453125 0.053125 0.02734375
6 0.78203125 0.09453125 0.053125 0.0265625
6 0.6828125 0.20703125 0.053125 0.0265625
6 0.740625 0.20703125 0.05390625 0.02734375
6 0.796875 0.20703125 0.0546875 0.02734375
1 0.50859375 0.82421875 0.12109375 0.02890625
1 0.3953125 0.9 0.0984375 0.01484375
1 0.4796875 0.9015625 0.053125 0.01640625
1 0.54140625 0.9046875 0.05859375 0.01640625
1 0.62421875 0.90625 0.1015625 0.01796875
11 0.48203125 0.79921875 0.06875 0.02265625
11 0.5421875 0.8 0.05625 0.02265625
3 0.7859375 0.25625 0.065625 0.0453125
3 0.78515625 0.3640625 0.06484375 0.0453125
3 0.76796875 0.465625 0.06484375 0.046875
3 0.76328125 0.57265625 0.06328125 0.04765625
3 0.75859375 0.73203125 0.08046875 0.06328125
3 0.7609375 0.7953125 0.0796875 0.065625
2 0.29921875 0.27734375 0.14453125 0.08515625
5 0.3953125 0.13203125 0.0296875 0.0234375
5 0.3984375 0.2453125 0.03125 0.025
5 0.71484375 0.24296875 0.0296875 0.02421875
5 0.71484375 0.3484375 0.03125 0.02421875
5 0.80859375 0.53125 0.0296875 0.02421875
5 0.70546875 0.6015625 0.02421875 0.01953125
5 0.81484375 0.67109375 0.02890625 0.0234375
5 0.66796875 0.7765625 0.02890625 0.02265625
5 0.58984375 0.80703125 0.0296875 0.0234375
5 0.428125 0.809375 0.0296875 0.0234375
5 0.36328125 0.88828125 0.03125 0.02265625
5 0.48359375 0.8765625 0.0296875 0.02421875
5 0.53515625 0.8765625 0.03125 0.0234375
5 0.66015625 0.896875 0.028125 0.02421875