6 0.15078125 0.228125 0.08359375 0.10625
6 0.25078125 0.22734375 0.0796875 0.10234375
6 0.3609375 0.23046875 0.084375 0.1046875
6 0.4640625 0.22890625 0.07890625 0.1
6 0.25859375 0.79453125 0.084375 0.09765625
6 0.3625 0.79609375 0.07578125 0.09609375
6 0.5 0.796875 0.07734375 0.10234375
6 0.60078125 0.7953125 0.08125 0.103125
3 0.73203125 0.23828125 0.18984375 0.1453125
3 0.775 0.75 0.15390625 0.15234375
1 0.3453125 0.36796875 0.23515625 0.04453125
9 0.0953125 0.81640625 0.071875 0.1203125
6 0.42421875 0.46875 0.0671875 0.0734375
6 0.096875 0.46328125 0.07578125 0.07578125
1 0.3109375 0.65625 0.15546875 0.046875
5 0.84453125 0.84453125 0.065625 0.06484375
5 0.5515625 0.79609375 0.0234375 0.0625
5 0.78515625 0.76640625 0.04296875 0.05390625
5 0.31328125 0.8 0.034375 0.06875
5 0.41484375 0.2296875 0.02890625 0.059375
5 0.203125 0.22109375 0.03046875 0.06875
11 0.86171875 0.23671875 0.040625 0.15234375