6 0.11640625 0.7203125 0.096875 0.1171875
6 0.215625 0.73515625 0.09375 0.1125
6 0.325 0.74765625 0.0984375 0.115625
6 0.4265625 0.76328125 0.0921875 0.109375
6 0.3015625 0.175 0.096875 0.1078125
6 0.4046875 0.1875 0.0890625 0.10625
6 0.54140625 0.20625 0.090625 0.1125
6 0.640625 0.221875 0.0953125 0.1140625
3 0.69296875 0.79140625 0.2078125 0.1703125
3 0.80703125 0.290625 0.1734375 0.171875
1 0.328125 0.609375 0.2390625 0.0765625
9 0.14296875 0.13046875 0.0875 0.1296875
6 0.4203125 0.5203125 0.0765625 0.0828125
6 0.0953125 0.48046875 0.0859375 0.0859375
1 0.334375 0.31875 0.1609375 0.06875
5 0.8890625 0.20703125 0.0734375 0.0734375
5 0.5921875 0.2140625 0.03125 0.065625
5 0.81953125 0.27578125 0.05 0.059375
5 0.35703125 0.1765625 0.04375 0.0734375
5 0.378125 0.75546875 0.0375 0.0625
5 0.1671875 0.73515625 0.0390625 0.071875
11 0.821875 0.8109375 0.0609375 0.15625