6 0.16015625 0.21640625 0.0875 0.109375
6 0.26015625 0.21875 0.0828125 0.1046875
6 0.3703125 0.22578125 0.0875 0.1078125
6 0.4734375 0.228125 0.0828125 0.103125
6 0.2484375 0.7859375 0.0875 0.1
6 0.35234375 0.79140625 0.0796875 0.0984375
6 0.48984375 0.796875 0.08125 0.1046875
6 0.590625 0.7984375 0.084375 0.10625
3 0.74140625 0.246875 0.1953125 0.1515625
3 0.76640625 0.759375 0.159375 0.1578125
1 0.35 0.3625 0.2359375 0.053125
9 0.084375 0.80234375 0.0765625 0.1234375
6 0.425 0.46640625 0.0703125 0.075
6 0.0984375 0.44921875 0.078125 0.078125
1 0.30546875 0.64921875 0.15625 0.0515625
5 0.83203125 0.85625 0.0671875 0.0671875
5 0.54140625 0.79765625 0.025 0.0625
5 0.77578125 0.7765625 0.0453125 0.0546875
5 0.303125 0.79296875 0.0375 0.0703125
5 0.42421875 0.2265625 0.03125 0.0609375
5 0.21328125 0.2109375 0.0328125 0.0703125
11 0.8703125 0.24921875 0.0453125 0.153125