6 0.73203125 0.17265625 0.0390625 0.053125
6 0.7609375 0.165625 0.040625 0.053125
6 0.7609375 0.21328125 0.0390625 0.0546875
11 0.74296875 0.2140625 0.0203125 0.0484375
11 0.70703125 0.23359375 0.0234375 0.06875
11 0.68203125 0.175 0.0203125 0.046875
6 0.64765625 0.1890625 0.0390625 0.053125
6 0.62109375 0.1953125 0.0390625 0.0515625
6 0.6296875 0.24296875 0.040625 0.0640625
6 0.6578125 0.2375 0.040625 0.0640625
9 0.6953125 0.2875 0.0484375 0.0328125
9 0.78515625 0.265625 0.0453125 0.0296875
6 0.5171875 0.2578125 0.0375 0.0515625
6 0.509375 0.215625 0.0421875 0.0546875
6 0.5359375 0.21015625 0.0390625 0.0546875
6 0.54453125 0.253125 0.0390625 0.05
6 0.4390625 0.2734375 0.040625 0.053125
6 0.43203125 0.23046875 0.040625 0.0546875
6 0.45859375 0.225 0.0390625 0.05625
6 0.46640625 0.26875 0.0390625 0.0515625
11 0.46015625 0.33828125 0.0796875 0.0296875
11 0.59140625 0.24296875 0.040625 0.1546875
11 0.3921875 0.28125 0.040625 0.153125
11 0.459375 0.29765625 0.0359375 0.021875
11 0.53671875 0.2828125 0.0375 0.0234375
11 0.19609375 0.296875 0.0296875 0.09375
11 0.14765625 0.35859375 0.034375 0.0203125
11 0.22890625 0.31484375 0.0203125 0.046875
6 0.2484375 0.3109375 0.0390625 0.0515625
6 0.21796875 0.2703125 0.040625 0.0515625
6 0.24609375 0.2671875 0.0390625 0.0546875
6 0.32109375 0.2515625 0.0421875 0.0546875
6 0.3484375 0.24609375 0.040625 0.05625
11 0.34140625 0.278125 0.0359375 0.021875
2 0.375 0.32265625 0.04375 0.06875
8 0.33046875 0.4375 0.0359375 0.040625
2 0.859375 0.4328125 0.0734375 0.09375
11 0.79921875 0.43203125 0.025 0.06875
8 0.64296875 0.51484375 0.0328125 0.040625
11 0.18984375 0.50234375 0.0546875 0.0328125
2 0.1140625 0.52578125 0.0796875 0.109375
2 0.1515625 0.58125 0.053125 0.0375
11 0.140625 0.6703125 0.065625 0.0328125
11 0.13203125 0.75859375 0.028125 0.09375
6 0.16171875 0.77734375 0.0390625 0.053125
11 0.1609375 0.746875 0.0234375 0.021875
6 0.196875 0.72421875 0.0421875 0.0546875
6 0.225 0.71796875 0.0390625 0.0546875
6 0.23359375 0.7625 0.0390625 0.0515625
6 0.2046875 0.7671875 0.040625 0.0515625
3 0.296875 0.734375 0.071875 0.1078125
6 0.36875 0.71328125 0.040625 0.0515625
6 0.37734375 0.75625 0.040625 0.0515625
6 0.396875 0.70703125 0.0390625 0.053125
6 0.40546875 0.75078125 0.0390625 0.0515625
11 0.4328125 0.70078125 0.034375 0.13125
11 0.44375 0.6984375 0.0359375 0.13125
6 0.490625 0.734375 0.040625 0.05
6 0.4828125 0.69296875 0.0390625 0.0484375
6 0.5109375 0.6859375 0.0375 0.0515625
6 0.51875 0.72890625 0.0390625 0.05
9 0.35 0.6515625 0.046875 0.0296875
11 0.5125 0.615625 0.08125 0.03125
11 0.48984375 0.659375 0.0390625 0.0234375
11 0.56796875 0.64453125 0.0390625 0.025
6 0.56015625 0.67734375 0.040625 0.0515625
6 0.56875 0.71875 0.040625 0.0515625
6 0.596875 0.71328125 0.0375 0.0515625
6 0.58828125 0.6703125 0.0375 0.0515625
11 0.62265625 0.67578125 0.03125 0.1109375
6 0.65546875 0.65703125 0.040625 0.0546875
6 0.6640625 0.70078125 0.040625 0.053125
6 0.6921875 0.6953125 0.0390625 0.053125
6 0.68359375 0.65078125 0.0390625 0.05625
9 0.67578125 0.5890625 0.0484375 0.0328125
11 0.725 0.575 0.0375 0.021875
11 0.79453125 0.6171875 0.0359375 0.1328125
3 0.75078125 0.640625 0.075 0.0953125
6 0.8265625 0.65234375 0.040625 0.0515625
6 0.85546875 0.56796875 0.0421875 0.053125
6 0.88359375 0.5625 0.0375 0.0515625
6 0.87109375 0.64296875 0.040625 0.053125
6 0.89921875 0.6375 0.0375 0.0515625
11 0.878125 0.61171875 0.0390625 0.025
11 0.82578125 0.621875 0.0234375 0.0203125
11 0.91484375 0.58984375 0.0390625 0.1359375
11 0.86328125 0.5359375 0.0390625 0.0265625
6 0.11953125 0.28984375 0.0421875 0.0546875
6 0.12734375 0.334375 0.040625 0.0515625
6 0.15546875 0.32890625 0.0375 0.0515625
6 0.146875 0.28515625 0.0390625 0.053125
11 0.28828125 0.3015625 0.0421875 0.1546875
11 0.3015625 0.2984375 0.040625 0.153125