6 0.83046875 0.271875 0.0390625 0.0515625
6 0.859375 0.275 0.0390625 0.0515625
6 0.84296875 0.3203125 0.0375 0.0546875
11 0.82578125 0.3140625 0.01875 0.0484375
11 0.78515625 0.3203125 0.021875 0.06875
11 0.78203125 0.25703125 0.01875 0.046875
6 0.7453125 0.2578125 0.0390625 0.0515625
6 0.71796875 0.25546875 0.0375 0.0515625
6 0.71015625 0.303125 0.0390625 0.0640625
6 0.7375 0.3078125 0.0390625 0.0625
9 0.75625 0.3671875 0.0484375 0.03125
9 0.8484375 0.37734375 0.0453125 0.028125
6 0.59921875 0.278125 0.0359375 0.05
6 0.60625 0.2359375 0.040625 0.053125
6 0.6328125 0.240625 0.0375 0.0546875
6 0.62578125 0.28359375 0.0375 0.05
6 0.5203125 0.265625 0.0390625 0.0515625
6 0.528125 0.2234375 0.0390625 0.053125
6 0.55546875 0.22734375 0.0375 0.05625
6 0.54765625 0.27109375 0.0375 0.05
11 0.5171875 0.334375 0.0796875 0.0265625
11 0.67421875 0.28984375 0.0359375 0.1546875
11 0.4734375 0.2578125 0.034375 0.153125
11 0.53046875 0.29609375 0.0359375 0.021875
11 0.60859375 0.30859375 0.0359375 0.021875
11 0.284375 0.20546875 0.0265625 0.09375
11 0.2171875 0.24609375 0.034375 0.0203125
11 0.30859375 0.23359375 0.01875 0.046875
6 0.328125 0.2359375 0.0375 0.05
6 0.3140625 0.18828125 0.0390625 0.0515625
6 0.34140625 0.19375 0.0375 0.053125
6 0.4171875 0.20546875 0.040625 0.0546875
6 0.44453125 0.209375 0.0390625 0.0546875
11 0.42734375 0.23671875 0.0359375 0.0203125
2 0.44296875 0.290625 0.0421875 0.0671875
8 0.36171875 0.38359375 0.0359375 0.0390625
2 0.8609375 0.559375 0.0703125 0.0921875
11 0.80390625 0.53828125 0.0234375 0.06875
8 0.62890625 0.56328125 0.03125 0.0390625
11 0.2078125 0.39609375 0.0546875 0.0296875
2 0.12890625 0.3921875 0.078125 0.1078125
2 0.14453125 0.45703125 0.0515625 0.0359375
11 0.10390625 0.53671875 0.065625 0.03125
11 0.065625 0.6171875 0.025 0.09375
6 0.08671875 0.6453125 0.0390625 0.0515625
11 0.096875 0.615625 0.0234375 0.0203125
6 0.13828125 0.60703125 0.040625 0.053125
6 0.1671875 0.6109375 0.0375 0.0546875
6 0.159375 0.65546875 0.0375 0.05
6 0.13125 0.65078125 0.0390625 0.0515625
3 0.2296875 0.65078125 0.06875 0.10625
6 0.30390625 0.65546875 0.0390625 0.0515625
6 0.296875 0.6984375 0.0390625 0.05
6 0.33203125 0.659375 0.0375 0.0515625
6 0.32578125 0.703125 0.0375 0.0515625
11 0.36875 0.665625 0.0296875 0.13125
11 0.3796875 0.6671875 0.03125 0.13125
6 0.4109375 0.7171875 0.0390625 0.0484375
6 0.41796875 0.675 0.0375 0.046875
6 0.44609375 0.678125 0.0359375 0.05
6 0.43984375 0.72109375 0.0375 0.0484375
9 0.30703125 0.59140625 0.046875 0.028125
11 0.47265625 0.6125 0.08125 0.028125
11 0.4359375 0.64609375 0.0375 0.021875
11 0.5140625 0.65859375 0.0390625 0.0234375
6 0.49609375 0.68671875 0.0390625 0.05
6 0.48984375 0.7296875 0.0390625 0.05
6 0.51796875 0.73359375 0.0359375 0.0515625
6 0.52421875 0.690625 0.0359375 0.05
11 0.5546875 0.70703125 0.028125 0.1109375
6 0.5921875 0.70078125 0.0390625 0.0546875
6 0.58515625 0.74453125 0.0390625 0.053125
6 0.6140625 0.74921875 0.0375 0.0515625
6 0.62109375 0.70390625 0.0375 0.0546875
9 0.634375 0.64375 0.0484375 0.03125
11 0.68515625 0.646875 0.0359375 0.0203125
11 0.73671875 0.7109375 0.03125 0.134375
3 0.6875 0.71796875 0.0734375 0.09375
6 0.7546875 0.7546875 0.0390625 0.05
6 0.8109375 0.68515625 0.040625 0.0515625
6 0.8390625 0.68984375 0.0359375 0.0515625
6 0.79921875 0.7609375 0.040625 0.0515625
6 0.828125 0.765625 0.0359375 0.0515625
11 0.8171875 0.734375 0.0390625 0.0234375
11 0.76484375 0.7265625 0.0234375 0.0203125
11 0.85859375 0.72578125 0.034375 0.1359375
11 0.8296875 0.6578125 0.0390625 0.025
6 0.2140625 0.17265625 0.040625 0.053125
6 0.20625 0.2171875 0.0390625 0.05
6 0.23515625 0.221875 0.0359375 0.0515625
6 0.2421875 0.17734375 0.0375 0.053125
11 0.36875 0.24140625 0.0375 0.1546875
11 0.3828125 0.2421875 0.034375 0.153125