6 0.209375 0.22265625 0.03125 0.04765625
6 0.18046875 0.221875 0.03203125 0.04765625
6 0.1890625 0.26875 0.0296875 0.05
11 0.20703125 0.265625 0.0109375 0.04765625
11 0.24609375 0.278125 0.0109375 0.06796875
11 0.259375 0.215625 0.01171875 0.0453125
6 0.2953125 0.22265625 0.03125 0.04765625
6 0.32265625 0.22421875 0.03046875 0.046875
6 0.3234375 0.27265625 0.0296875 0.059375
6 0.2953125 0.27265625 0.03046875 0.05859375
9 0.26796875 0.32890625 0.04453125 0.02421875
9 0.175 0.32421875 0.0421875 0.021875
6 0.43671875 0.265625 0.0296875 0.04609375
6 0.43671875 0.22265625 0.0328125 0.04921875
6 0.409375 0.22265625 0.03046875 0.05
6 0.409375 0.26640625 0.03125 0.0453125
6 0.51640625 0.265625 0.03203125 0.04765625
6 0.515625 0.22265625 0.03125 0.04921875
6 0.48828125 0.221875 0.03046875 0.0515625
6 0.4890625 0.26640625 0.03046875 0.04609375
11 0.50859375 0.33359375 0.078125 0.01484375
11 0.3609375 0.26484375 0.01171875 0.1546875
11 0.5640625 0.26484375 0.0109375 0.15390625
11 0.5015625 0.29375 0.03359375 0.01640625
11 0.42265625 0.29375 0.034375 0.01640625
11 0.759375 0.24296875 0.0125 0.09296875
11 0.81875 0.29375 0.0328125 0.01484375
11 0.73046875 0.26640625 0.0125 0.0453125
6 0.7109375 0.26640625 0.03125 0.04609375
6 0.7328125 0.22109375 0.0328125 0.046875
6 0.7046875 0.22265625 0.03046875 0.04921875
6 0.628125 0.221875 0.0328125 0.05
6 0.6 0.221875 0.03125 0.05078125
11 0.61328125 0.2515625 0.034375 0.01484375
2 0.5890625 0.30234375 0.03203125 0.06328125
8 0.6546875 0.40625 0.03046875 0.03515625
2 0.134375 0.50234375 0.05859375 0.08359375
11 0.19375 0.490625 0.0125 0.0671875
8 0.3625 0.5421875 0.0265625 0.0359375
11 0.8046875 0.44296875 0.0515625 0.02265625
2 0.88359375 0.4515625 0.0625 0.1
2 0.8578125 0.51328125 0.0484375 0.028125
11 0.88515625 0.5984375 0.0625 0.02109375
11 0.9109375 0.68359375 0.01015625 0.09375
6 0.88515625 0.7078125 0.03125 0.04765625
11 0.8796875 0.67734375 0.0203125 0.01796875
6 0.840625 0.6625 0.0328125 0.04921875
6 0.81171875 0.66171875 0.03046875 0.05
6 0.81171875 0.70703125 0.03046875 0.04609375
6 0.840625 0.70625 0.0328125 0.046875
3 0.74375 0.69140625 0.05390625 0.09921875
6 0.66953125 0.684375 0.0328125 0.046875
6 0.66953125 0.728125 0.0328125 0.04609375
6 0.640625 0.68359375 0.03046875 0.04765625
6 0.640625 0.728125 0.03046875 0.046875
11 0.60390625 0.684375 0.009375 0.13125
11 0.59296875 0.684375 0.01015625 0.13203125
6 0.55390625 0.728125 0.03203125 0.04453125
6 0.55390625 0.6859375 0.03125 0.04296875
6 0.525 0.684375 0.0296875 0.04609375
6 0.525 0.728125 0.03046875 0.04453125
9 0.6765625 0.6203125 0.04375 0.021875
11 0.509375 0.615625 0.07890625 0.01640625
11 0.540625 0.6546875 0.0359375 0.0171875
11 0.4609375 0.6546875 0.0359375 0.01875
6 0.475 0.68515625 0.03203125 0.04609375
6 0.47421875 0.728125 0.03203125 0.04609375
6 0.4453125 0.728125 0.0296875 0.046875
6 0.44609375 0.684375 0.0296875 0.04609375
11 0.41328125 0.69609375 0.0109375 0.1109375
6 0.37734375 0.68359375 0.03203125 0.05
6 0.37734375 0.728125 0.03203125 0.0484375
6 0.3484375 0.728125 0.03046875 0.04765625
6 0.3484375 0.6828125 0.03046875 0.05078125
9 0.34453125 0.62109375 0.04453125 0.02421875
11 0.29375 0.61640625 0.034375 0.015625
11 0.23359375 0.67109375 0.0109375 0.13359375
3 0.28046875 0.6859375 0.06015625 0.0859375
6 0.20859375 0.71171875 0.0328125 0.04609375
6 0.1640625 0.634375 0.03359375 0.046875
6 0.13515625 0.634375 0.0296875 0.046875
6 0.16328125 0.7109375 0.0328125 0.04765625
6 0.134375 0.7109375 0.0296875 0.046875
11 0.15 0.68203125 0.0359375 0.01796875
11 0.203125 0.68203125 0.02109375 0.0171875
11 0.11015625 0.6671875 0.01328125 0.1359375
11 0.15 0.6046875 0.03671875 0.01953125
6 0.83359375 0.22109375 0.0328125 0.04921875
6 0.834375 0.26640625 0.03203125 0.04609375
6 0.80546875 0.26640625 0.0296875 0.046875
6 0.80546875 0.221875 0.03046875 0.0484375
11 0.6703125 0.26484375 0.01328125 0.1546875
11 0.65625 0.2640625 0.0109375 0.15390625