3 0.709375 0.5578125 0.065625 0.059375
10 0.66484375 0.46484375 0.025 0.03125
10 0.63671875 0.4640625 0.021875 0.03125
6 0.584375 0.48671875 0.025 0.0390625
6 0.559375 0.48515625 0.025 0.0390625
6 0.52421875 0.4859375 0.025 0.0390625
6 0.49921875 0.48515625 0.025 0.0390625
6 0.58359375 0.56484375 0.025 0.0390625
6 0.55859375 0.5640625 0.025 0.0390625
6 0.5234375 0.5640625 0.025 0.0390625
6 0.4984375 0.56328125 0.025 0.0390625
9 0.578125 0.425 0.0234375 0.015625
5 0.665625 0.58515625 0.028125 0.0359375
5 0.6203125 0.428125 0.0234375 0.03125
5 0.6140625 0.4765625 0.021875 0.0296875
11 0.57265625 0.4625 0.028125 0.0109375
11 0.5125 0.4609375 0.028125 0.0109375
11 0.51171875 0.4234375 0.053125 0.0203125
11 0.57109375 0.54140625 0.028125 0.0109375
11 0.5109375 0.53984375 0.028125 0.0125
6 0.33125 0.52109375 0.0265625 0.040625
11 0.6875 0.42734375 0.015625 0.021875