3 0.28984375 0.55390625 0.0640625 0.0578125
10 0.3359375 0.46171875 0.02421875 0.03125
10 0.3640625 0.46171875 0.02109375 0.03046875
6 0.415625 0.48515625 0.025 0.0390625
6 0.440625 0.484375 0.025 0.03828125
6 0.47578125 0.48515625 0.025 0.0390625
6 0.50078125 0.48515625 0.02421875 0.0390625
6 0.415625 0.56328125 0.025 0.0390625
6 0.440625 0.56328125 0.025 0.03828125
6 0.47578125 0.56328125 0.02421875 0.0390625
6 0.50078125 0.56328125 0.025 0.0390625
9 0.4234375 0.4234375 0.0234375 0.015625
5 0.3328125 0.58203125 0.028125 0.03515625
5 0.38125 0.42578125 0.02265625 0.03125
5 0.38671875 0.47421875 0.021875 0.02890625
11 0.428125 0.4609375 0.028125 0.01015625
11 0.48828125 0.4609375 0.028125 0.0109375
11 0.48984375 0.4234375 0.05234375 0.01875
11 0.428125 0.53984375 0.028125 0.0109375
11 0.48828125 0.53984375 0.028125 0.01171875
6 0.66796875 0.52421875 0.0265625 0.040625
11 0.3140625 0.42421875 0.01484375 0.02109375