3 0.71328125 0.5390625 0.0671875 0.0625
10 0.6609375 0.45 0.0265625 0.0328125
10 0.6328125 0.45234375 0.0234375 0.03125
6 0.5828125 0.4796875 0.028125 0.040625
6 0.5578125 0.48046875 0.028125 0.040625
6 0.5234375 0.48359375 0.028125 0.040625
6 0.4984375 0.48515625 0.0265625 0.040625
6 0.58828125 0.55703125 0.028125 0.040625
6 0.56328125 0.559375 0.028125 0.040625
6 0.52890625 0.56171875 0.0265625 0.040625
6 0.50390625 0.56328125 0.028125 0.040625
9 0.57109375 0.41796875 0.025 0.0171875
5 0.67265625 0.5703125 0.03125 0.0375
5 0.61328125 0.41796875 0.025 0.0328125
5 0.6109375 0.46640625 0.0234375 0.0296875
11 0.56875 0.45625 0.028125 0.0125
11 0.50859375 0.46015625 0.028125 0.0125
11 0.5046875 0.42265625 0.053125 0.021875
11 0.57421875 0.534375 0.028125 0.0125
11 0.51484375 0.5390625 0.028125 0.0140625
6 0.334375 0.5359375 0.0296875 0.0421875
11 0.68046875 0.41171875 0.015625 0.021875