6 0.21953125 0.36875 0.01640625 0.025
6 0.2203125 0.34375 0.01796875 0.02421875
6 0.203125 0.34375 0.0171875 0.02578125
6 0.203125 0.36875 0.0171875 0.025
6 0.1859375 0.34375 0.01796875 0.025
6 0.18671875 0.36875 0.01796875 0.02578125
6 0.2140625 0.2890625 0.0203125 0.03125
6 0.20234375 0.271875 0.01953125 0.0296875
6 0.190625 0.25390625 0.01953125 0.02734375
6 0.221875 0.27734375 0.01953125 0.02734375
6 0.209375 0.26015625 0.01953125 0.02734375
6 0.19765625 0.24375 0.01796875 0.02734375
6 0.246875 0.26171875 0.0171875 0.025
6 0.26328125 0.2609375 0.0171875 0.025
6 0.246875 0.2375 0.0171875 0.025
6 0.26328125 0.2375 0.01796875 0.025
6 0.28828125 0.2375 0.0171875 0.025
6 0.3046875 0.2375 0.0171875 0.025
6 0.28828125 0.2609375 0.0171875 0.02421875
6 0.30546875 0.2609375 0.0171875 0.02421875
6 0.3046875 0.28515625 0.01796875 0.02421875
6 0.28828125 0.28515625 0.0171875 0.025
10 0.334375 0.25078125 0.02109375 0.03125
10 0.27734375 0.359375 0.02109375 0.03359375
5 0.22265625 0.23359375 0.00703125 0.01015625
5 0.1859375 0.2890625 0.00859375 0.0125
4 0.24921875 0.34453125 0.02265625 0.01796875
5 0.2546875 0.32890625 0.00859375 0.01171875
4 0.24921875 0.37734375 0.021875 0.01796875
4 0.25 0.3609375 0.021875 0.01640625
3 0.30078125 0.3640625 0.0171875 0.03359375
5 0.3546875 0.296875 0.00859375 0.01640625
5 0.39921875 0.30390625 0.01015625 0.01953125
5 0.415625 0.30859375 0.00703125 0.0125
1 0.4078125 0.346875 0.05234375 0.046875
3 0.42421875 0.25703125 0.040625 0.0453125
3 0.384375 0.25625 0.0390625 0.04453125
3 0.4984375 0.25625 0.03671875 0.03359375
3 0.47578125 0.35078125 0.02734375 0.03203125
3 0.52734375 0.35078125 0.03671875 0.0328125
6 0.53984375 0.28515625 0.01796875 0.025
6 0.53984375 0.2609375 0.01796875 0.0234375
6 0.53984375 0.23828125 0.01875 0.02265625
6 0.55703125 0.2375 0.01796875 0.025
6 0.5578125 0.2609375 0.01796875 0.0234375
6 0.55703125 0.284375 0.0171875 0.025
2 0.59453125 0.27421875 0.0328125 0.04609375
5 0.58125 0.27578125 0.00703125 0.01171875
5 0.5875 0.30078125 0.009375 0.0109375
5 0.62890625 0.2875 0.00859375 0.01171875
1 0.621875 0.24375 0.04765625 0.065625
6 0.6265625 0.3140625 0.01640625 0.025
6 0.609375 0.3140625 0.0171875 0.02421875
6 0.609375 0.3375 0.0171875 0.02421875
6 0.6265625 0.3375 0.0171875 0.02421875
2 0.5421875 0.38984375 0.01015625 0.01640625
9 0.53828125 0.41875 0.0203125 0.0234375
3 0.6046875 0.3890625 0.05546875 0.04765625
3 0.5890625 0.46640625 0.0359375 0.05390625
2 0.596875 0.525 0.03671875 0.04140625
2 0.52890625 0.47109375 0.04140625 0.03828125
9 0.5421875 0.521875 0.02265625 0.02734375
5 0.52421875 0.53515625 0.01015625 0.0140625
5 0.503125 0.4640625 0.00625 0.009375
5 0.51171875 0.45859375 0.0078125 0.01171875
5 0.54609375 0.4609375 0.009375 0.0171875
5 0.61015625 0.5359375 0.009375 0.01640625
1 0.62734375 0.4578125 0.01640625 0.05625
1 0.62734375 0.515625 0.015625 0.05859375
4 0.56328125 0.6203125 0.02265625 0.01796875
4 0.56328125 0.6375 0.02265625 0.0171875
6 0.59375 0.56796875 0.0171875 0.02421875
6 0.61015625 0.5671875 0.01640625 0.0234375
6 0.6265625 0.56796875 0.0171875 0.02421875
6 0.59375 0.5921875 0.0171875 0.02421875
6 0.61015625 0.5921875 0.0171875 0.025
6 0.6265625 0.5921875 0.01640625 0.02578125
6 0.59375 0.621875 0.01640625 0.02421875
6 0.61015625 0.621875 0.0171875 0.02421875
6 0.62734375 0.621875 0.0171875 0.02421875
6 0.59375 0.64609375 0.0171875 0.02421875
6 0.61015625 0.64609375 0.0171875 0.025
6 0.62734375 0.64609375 0.0171875 0.02421875
6 0.59921875 0.68984375 0.01875 0.0265625
6 0.6109375 0.70625 0.01953125 0.02578125
6 0.62265625 0.7234375 0.01875 0.0265625
6 0.59140625 0.7 0.01875 0.02578125
6 0.60390625 0.71640625 0.01953125 0.02734375
6 0.615625 0.73359375 0.01875 0.02734375
5 0.59140625 0.7421875 0.00859375 0.0125
6 0.559375 0.69140625 0.0171875 0.02421875
6 0.54296875 0.69140625 0.01640625 0.02421875
6 0.54296875 0.715625 0.0171875 0.0234375
6 0.56015625 0.71484375 0.0171875 0.0234375
6 0.56015625 0.73828125 0.0171875 0.0234375
6 0.54296875 0.73828125 0.01640625 0.0234375
10 0.5375 0.628125 0.0234375 0.0296875
10 0.50078125 0.62265625 0.01640625 0.015625
6 0.51640625 0.69140625 0.01796875 0.025
6 0.5171875 0.715625 0.0171875 0.02421875
6 0.5171875 0.7390625 0.0171875 0.0234375
6 0.48828125 0.69140625 0.0171875 0.02421875
6 0.48828125 0.71484375 0.01640625 0.0234375
6 0.48828125 0.73828125 0.0171875 0.0234375
6 0.47109375 0.73828125 0.0171875 0.0234375
6 0.47109375 0.71484375 0.01640625 0.0234375
6 0.47109375 0.69140625 0.0171875 0.0234375
3 0.42578125 0.6671875 0.028125 0.03359375
3 0.42265625 0.72421875 0.0296875 0.0328125
3 0.528125 0.578125 0.04375 0.03515625
5 0.5015625 0.30625 0.009375 0.0171875
6 0.52890625 0.390625 0.0109375 0.01875
5 0.63046875 0.41640625 0.01015625 0.01796875
11 0.49140625 0.45078125 0.01328125 0.03125
11 0.45859375 0.40390625 0.00546875 0.01640625
11 0.45859375 0.42265625 0.00625 0.0234375
11 0.459375 0.51953125 0.0078125 0.0203125
11 0.459375 0.53984375 0.0078125 0.0203125
11 0.459375 0.56015625 0.00859375 0.02109375
11 0.46015625 0.58046875 0.0078125 0.02109375
11 0.459375 0.60078125 0.0078125 0.0203125
11 0.55390625 0.3375 0.00625 0.0234375
11 0.5546875 0.35625 0.00703125 0.015625
11 0.5546875 0.371875 0.00703125 0.015625
11 0.36171875 0.35625 0.0078125 0.04921875
11 0.45078125 0.35546875 0.0078125 0.0484375
11 0.3546875 0.3390625 0.00625 0.0234375
11 0.35390625 0.35859375 0.00625 0.015625
11 0.3546875 0.3734375 0.00625 0.015625