6 0.8015625 0.4296875 0.021875 0.028125
6 0.80625 0.40546875 0.021875 0.028125
6 0.82265625 0.40859375 0.021875 0.028125
6 0.81796875 0.43359375 0.021875 0.028125
6 0.83984375 0.4125 0.0234375 0.028125
6 0.83359375 0.43671875 0.0234375 0.0296875
6 0.8234375 0.353125 0.0265625 0.034375
6 0.83828125 0.3390625 0.025 0.0328125
6 0.85390625 0.3234375 0.025 0.03125
6 0.81796875 0.33984375 0.025 0.03125
6 0.834375 0.32578125 0.025 0.03125
6 0.84921875 0.3125 0.0234375 0.03125
6 0.796875 0.31953125 0.021875 0.028125
6 0.78125 0.315625 0.021875 0.028125
6 0.80234375 0.29609375 0.021875 0.028125
6 0.7859375 0.2921875 0.0234375 0.028125
6 0.76171875 0.2875 0.021875 0.028125
6 0.7453125 0.28359375 0.021875 0.028125
6 0.75703125 0.31015625 0.021875 0.0265625
6 0.73984375 0.30625 0.021875 0.0265625
6 0.7359375 0.33046875 0.021875 0.028125
6 0.7515625 0.33359375 0.021875 0.028125
10 0.7140625 0.290625 0.0265625 0.034375
10 0.746875 0.40859375 0.028125 0.0375
5 0.8265625 0.296875 0.009375 0.0109375
5 0.85078125 0.35859375 0.0109375 0.0140625
4 0.77734375 0.4 0.0265625 0.021875
5 0.77578125 0.38359375 0.0109375 0.0125
4 0.77109375 0.43203125 0.025 0.021875
4 0.7734375 0.415625 0.025 0.0203125
3 0.7234375 0.40859375 0.0234375 0.0359375
5 0.684375 0.33125 0.0125 0.0171875
5 0.6390625 0.32890625 0.0140625 0.021875
5 0.62265625 0.33046875 0.009375 0.0140625
1 0.621875 0.36953125 0.0609375 0.05625
3 0.625 0.278125 0.0484375 0.053125
3 0.6640625 0.2859375 0.046875 0.0515625
3 0.55234375 0.26171875 0.0421875 0.040625
3 0.5546875 0.359375 0.0328125 0.0375
3 0.50390625 0.3484375 0.0421875 0.0390625
6 0.50546875 0.28125 0.0234375 0.028125
6 0.5109375 0.2578125 0.021875 0.0265625
6 0.515625 0.2359375 0.0234375 0.0265625
6 0.4984375 0.23125 0.0234375 0.028125
6 0.49296875 0.25390625 0.021875 0.0265625
6 0.4890625 0.27734375 0.021875 0.028125
2 0.4546875 0.259375 0.0421875 0.0515625
5 0.4671875 0.2640625 0.009375 0.0125
5 0.45546875 0.28671875 0.0109375 0.0125
5 0.41796875 0.265625 0.0109375 0.0125
1 0.434375 0.22421875 0.0609375 0.0734375
6 0.41484375 0.2921875 0.021875 0.028125
6 0.43203125 0.2953125 0.021875 0.0265625
6 0.4265625 0.31796875 0.021875 0.0265625
6 0.41015625 0.31484375 0.021875 0.0265625
2 0.48125 0.38359375 0.0140625 0.01875
9 0.4796875 0.4125 0.025 0.0265625
3 0.4203125 0.36953125 0.0640625 0.0578125
3 0.41953125 0.4484375 0.046875 0.0609375
2 0.4 0.5046875 0.04375 0.0484375
2 0.478125 0.465625 0.0484375 0.0453125
9 0.45390625 0.5125 0.028125 0.03125
5 0.46875 0.5296875 0.0125 0.015625
5 0.5046875 0.4640625 0.0078125 0.0109375
5 0.496875 0.45703125 0.009375 0.0125
5 0.46328125 0.45234375 0.0125 0.01875
5 0.38515625 0.5125 0.0125 0.01875
1 0.384375 0.43203125 0.028125 0.0578125
1 0.371875 0.4890625 0.028125 0.0609375
4 0.41328125 0.6046875 0.0265625 0.021875
4 0.409375 0.62109375 0.025 0.021875
6 0.39453125 0.546875 0.021875 0.0265625
6 0.378125 0.54296875 0.0203125 0.0265625
6 0.36171875 0.53984375 0.021875 0.0265625
6 0.3890625 0.5703125 0.021875 0.0265625
6 0.3734375 0.5671875 0.021875 0.028125
6 0.35703125 0.5640625 0.021875 0.028125
6 0.3828125 0.6 0.0203125 0.0265625
6 0.3671875 0.59609375 0.021875 0.0265625
6 0.35 0.59296875 0.021875 0.0265625
6 0.378125 0.6234375 0.021875 0.0265625
6 0.36171875 0.6203125 0.021875 0.028125
6 0.3453125 0.61640625 0.021875 0.0265625
6 0.36328125 0.66484375 0.0234375 0.0296875
6 0.3484375 0.67890625 0.025 0.0296875
6 0.33359375 0.69296875 0.0234375 0.0296875
6 0.36875 0.6765625 0.0234375 0.0296875
6 0.353125 0.68984375 0.025 0.03125
6 0.33828125 0.7046875 0.0234375 0.03125
5 0.36015625 0.71796875 0.0109375 0.0140625
6 0.40234375 0.675 0.021875 0.0265625
6 0.41796875 0.678125 0.0203125 0.0265625
6 0.41328125 0.70234375 0.021875 0.0265625
6 0.396875 0.69765625 0.021875 0.0265625
6 0.39140625 0.7203125 0.021875 0.0265625
6 0.40859375 0.72421875 0.0203125 0.0265625
10 0.43671875 0.6171875 0.0296875 0.034375
10 0.4734375 0.61953125 0.01875 0.01875
6 0.44453125 0.68359375 0.0234375 0.028125
6 0.43828125 0.70703125 0.021875 0.0265625
6 0.43359375 0.73046875 0.021875 0.0265625
6 0.471875 0.68984375 0.021875 0.0265625
6 0.46640625 0.7125 0.0203125 0.0265625
6 0.46171875 0.73515625 0.021875 0.0265625
6 0.47890625 0.7390625 0.021875 0.0265625
6 0.48359375 0.71640625 0.0203125 0.0265625
6 0.48828125 0.69296875 0.021875 0.0265625
3 0.5375 0.67890625 0.034375 0.0390625
3 0.52890625 0.73515625 0.0359375 0.0375
3 0.45625 0.5703125 0.05 0.04375
5 0.5390625 0.31015625 0.0125 0.01875
6 0.49453125 0.38671875 0.0140625 0.0203125
5 0.38984375 0.39140625 0.0140625 0.0203125
11 0.51875 0.45390625 0.01875 0.0328125
11 0.56015625 0.41484375 0.009375 0.0171875
11 0.55625 0.4328125 0.0109375 0.025
11 0.5359375 0.52734375 0.0125 0.021875
11 0.53125 0.54765625 0.0125 0.021875
11 0.52734375 0.5671875 0.0125 0.021875
11 0.521875 0.58671875 0.0125 0.021875
11 0.51875 0.60703125 0.0125 0.021875
11 0.48125 0.3296875 0.0109375 0.025
11 0.4765625 0.34765625 0.009375 0.0171875
11 0.4734375 0.36328125 0.009375 0.0171875
11 0.66484375 0.38828125 0.0171875 0.05
11 0.578125 0.36875 0.0171875 0.0484375
11 0.67578125 0.37265625 0.0109375 0.025
11 0.67265625 0.3921875 0.009375 0.0171875
11 0.66875 0.40625 0.009375 0.0171875