6 0.26328125 0.69921875 0.021875 0.028125
6 0.2703125 0.7234375 0.0234375 0.028125
6 0.25390625 0.728125 0.0234375 0.0296875
6 0.246875 0.70390625 0.0234375 0.028125
6 0.23671875 0.73203125 0.0234375 0.028125
6 0.23125 0.7078125 0.0234375 0.0296875
6 0.278125 0.778125 0.028125 0.0359375
6 0.271875 0.79765625 0.0265625 0.034375
6 0.26484375 0.81796875 0.0265625 0.03125
6 0.2890625 0.78671875 0.0265625 0.03125
6 0.28125 0.80703125 0.0265625 0.03125
6 0.27421875 0.82578125 0.025 0.03125
6 0.3171875 0.7953125 0.0234375 0.028125
6 0.33359375 0.7921875 0.0234375 0.028125
6 0.3234375 0.81875 0.0234375 0.028125
6 0.3390625 0.81484375 0.0234375 0.028125
6 0.36328125 0.80859375 0.0234375 0.028125
6 0.37890625 0.80390625 0.0234375 0.028125
6 0.35703125 0.7859375 0.0234375 0.028125
6 0.37421875 0.78125 0.0234375 0.028125
6 0.3671875 0.7578125 0.0234375 0.028125
6 0.35078125 0.7625 0.0234375 0.028125
10 0.4046875 0.78359375 0.028125 0.0359375
10 0.32109375 0.69375 0.0296875 0.0375
5 0.30078125 0.82890625 0.009375 0.0109375
5 0.2515625 0.78515625 0.0109375 0.0140625
4 0.29765625 0.71484375 0.0265625 0.0234375
5 0.30703125 0.72890625 0.0109375 0.0140625
4 0.28984375 0.68359375 0.025 0.0234375
4 0.29453125 0.69921875 0.025 0.021875
3 0.34296875 0.6828125 0.025 0.0375
5 0.4125 0.73359375 0.0125 0.01875
5 0.453125 0.715625 0.015625 0.021875
5 0.46796875 0.70703125 0.009375 0.0140625
1 0.45078125 0.671875 0.0625 0.059375
3 0.48984375 0.7546875 0.0515625 0.0546875
3 0.4515625 0.765625 0.05 0.053125
3 0.56171875 0.7359375 0.04375 0.0421875
3 0.51484375 0.65078125 0.034375 0.0375
3 0.56484375 0.63671875 0.04375 0.040625
6 0.59375 0.696875 0.0234375 0.028125
6 0.6 0.7203125 0.0234375 0.0265625
6 0.60625 0.7421875 0.0234375 0.0265625
6 0.62265625 0.7390625 0.0234375 0.028125
6 0.61796875 0.715625 0.0234375 0.0265625
6 0.6109375 0.69375 0.0234375 0.028125
2 0.65 0.69375 0.04375 0.053125
5 0.63671875 0.6953125 0.009375 0.0125
5 0.6359375 0.66953125 0.0125 0.0125
5 0.6796875 0.671875 0.0109375 0.0140625
1 0.684375 0.715625 0.0625 0.075
6 0.6703125 0.646875 0.021875 0.028125
6 0.65390625 0.6515625 0.0234375 0.028125
6 0.64765625 0.62890625 0.0234375 0.028125
6 0.6640625 0.62421875 0.0234375 0.028125
2 0.56953125 0.5953125 0.0140625 0.01875
9 0.5578125 0.56875 0.025 0.028125
3 0.6296875 0.5796875 0.065625 0.0609375
3 0.59453125 0.509375 0.0484375 0.0609375
2 0.58671875 0.45078125 0.046875 0.05
2 0.53515625 0.5203125 0.05 0.0484375
9 0.53515625 0.46796875 0.0296875 0.0328125
5 0.5140625 0.46015625 0.0140625 0.015625
5 0.5125 0.53359375 0.0078125 0.0109375
5 0.521875 0.53671875 0.0109375 0.0140625
5 0.5546875 0.52578125 0.0140625 0.01875
5 0.596875 0.43671875 0.0140625 0.01875
1 0.63359375 0.5078125 0.0296875 0.0578125
1 0.61875 0.4515625 0.0296875 0.0609375
4 0.5296875 0.3671875 0.0265625 0.0234375
4 0.52578125 0.35078125 0.0265625 0.021875
6 0.57265625 0.41015625 0.0234375 0.028125
6 0.5890625 0.40625 0.021875 0.0265625
6 0.6046875 0.4015625 0.0234375 0.028125
6 0.56640625 0.38671875 0.0234375 0.028125
6 0.5828125 0.3828125 0.0234375 0.028125
6 0.5984375 0.378125 0.021875 0.0296875
6 0.559375 0.3578125 0.021875 0.028125
6 0.575 0.35390625 0.0234375 0.028125
6 0.59140625 0.34921875 0.0234375 0.028125
6 0.553125 0.334375 0.0234375 0.028125
6 0.56875 0.33046875 0.0234375 0.028125
6 0.58515625 0.32578125 0.0234375 0.028125
6 0.546875 0.290625 0.025 0.03125
6 0.55390625 0.271875 0.025 0.0296875
6 0.5609375 0.25234375 0.025 0.03125
6 0.53671875 0.2828125 0.025 0.0296875
6 0.54453125 0.2640625 0.0265625 0.03125
6 0.5515625 0.24453125 0.025 0.03125
5 0.52578125 0.2421875 0.0109375 0.0140625
6 0.5078125 0.3 0.0234375 0.028125
6 0.4921875 0.30390625 0.021875 0.028125
6 0.4859375 0.28046875 0.0234375 0.0265625
6 0.50234375 0.2765625 0.0234375 0.0265625
6 0.49609375 0.25390625 0.0234375 0.0265625
6 0.4796875 0.25859375 0.021875 0.0265625
10 0.503125 0.36640625 0.0296875 0.034375
10 0.46875 0.38125 0.0203125 0.01875
6 0.46640625 0.3109375 0.0234375 0.028125
6 0.4609375 0.2875 0.0234375 0.028125
6 0.4546875 0.26484375 0.0234375 0.0265625
6 0.4390625 0.31796875 0.0234375 0.028125
6 0.4328125 0.2953125 0.021875 0.0265625
6 0.42734375 0.27265625 0.0234375 0.0265625
6 0.41015625 0.27734375 0.0234375 0.0265625
6 0.41640625 0.3 0.021875 0.0265625
6 0.42265625 0.32265625 0.0234375 0.0265625
3 0.38515625 0.3578125 0.0359375 0.0390625
3 0.3671875 0.303125 0.0375 0.0390625
3 0.50703125 0.4171875 0.0515625 0.0453125
5 0.5515625 0.68671875 0.0140625 0.01875
6 0.55625 0.5984375 0.015625 0.0203125
5 0.64765625 0.546875 0.0140625 0.0203125
11 0.5046875 0.55 0.0203125 0.034375
11 0.48515625 0.60390625 0.009375 0.0171875
11 0.4796875 0.58515625 0.0125 0.025
11 0.45546875 0.49140625 0.0125 0.021875
11 0.45078125 0.471875 0.0125 0.021875
11 0.4453125 0.45234375 0.0140625 0.021875
11 0.440625 0.4328125 0.0125 0.021875
11 0.434375 0.41328125 0.0125 0.021875
11 0.59375 0.64296875 0.0125 0.025
11 0.58984375 0.625 0.0109375 0.0171875
11 0.5859375 0.609375 0.0109375 0.0171875
11 0.40390625 0.675 0.0203125 0.05
11 0.48984375 0.65234375 0.0203125 0.0484375
11 0.4015625 0.69296875 0.0125 0.025
11 0.3953125 0.67421875 0.009375 0.0171875
11 0.3921875 0.66015625 0.009375 0.0171875