11 0.61484375 0.46015625 0.009375 0.01875
11 0.61796875 0.49140625 0.0078125 0.015625
11 0.61640625 0.4765625 0.0078125 0.0171875
0 0.59765625 0.428125 0.040625 0.028125
5 0.6046875 0.41171875 0.01875 0.009375
5 0.58671875 0.41328125 0.0171875 0.009375
2 0.59765625 0.38828125 0.0359375 0.0390625
11 0.5140625 0.3796875 0.0109375 0.009375
11 0.503125 0.38046875 0.0109375 0.009375
11 0.49140625 0.38203125 0.0140625 0.0140625
10 0.51953125 0.4109375 0.01875 0.0265625
10 0.49765625 0.4125 0.01875 0.0265625
0 0.534375 0.45703125 0.0390625 0.03125
5 0.5125 0.46953125 0.0078125 0.025
5 0.54609375 0.4765625 0.0265625 0.009375
5 0.52421875 0.478125 0.0171875 0.009375
10 0.5890625 0.4625 0.01875 0.0265625
10 0.59140625 0.49296875 0.01875 0.0265625
4 0.67734375 0.48046875 0.0125 0.0171875
4 0.67578125 0.46328125 0.0125 0.0171875
3 0.64609375 0.47421875 0.0328125 0.0375
3 0.703125 0.46875 0.0234375 0.0359375
5 0.72421875 0.46640625 0.0078125 0.025
5 0.68515625 0.53828125 0.0078125 0.025
5 0.68671875 0.56328125 0.0078125 0.025
6 0.8296875 0.44765625 0.0171875 0.0234375
6 0.83125 0.46953125 0.0171875 0.021875
6 0.815625 0.47109375 0.0171875 0.0234375
6 0.8140625 0.44921875 0.0171875 0.0234375
6 0.79140625 0.45078125 0.0171875 0.0234375
6 0.7921875 0.47265625 0.0171875 0.0234375
6 0.77578125 0.4515625 0.0171875 0.0234375
6 0.77734375 0.4734375 0.0171875 0.0234375
6 0.753125 0.453125 0.0171875 0.0234375
6 0.7546875 0.475 0.0171875 0.0234375
6 0.73671875 0.4546875 0.0171875 0.0234375
6 0.73828125 0.4765625 0.0171875 0.021875
6 0.703125 0.5265625 0.0171875 0.0234375
6 0.7046875 0.54765625 0.0171875 0.021875
6 0.70625 0.56953125 0.0171875 0.0234375
6 0.71875 0.52578125 0.0171875 0.0234375
6 0.7203125 0.54609375 0.0171875 0.021875
6 0.721875 0.56796875 0.0171875 0.0234375
6 0.74453125 0.56640625 0.0171875 0.0234375
6 0.74296875 0.5453125 0.0171875 0.0234375
6 0.740625 0.52421875 0.0171875 0.0234375
6 0.75703125 0.52265625 0.0171875 0.0234375
6 0.75859375 0.54375 0.0171875 0.021875
6 0.76015625 0.565625 0.0171875 0.021875
6 0.78125 0.52109375 0.0171875 0.0234375
6 0.796875 0.5203125 0.0171875 0.0234375
6 0.7984375 0.54140625 0.0171875 0.0234375
6 0.8 0.5625 0.0171875 0.0234375
6 0.83515625 0.5171875 0.0171875 0.0234375
6 0.81953125 0.51875 0.0171875 0.0234375
6 0.83671875 0.53828125 0.0171875 0.0234375
6 0.82109375 0.5390625 0.0171875 0.0234375
6 0.8375 0.56015625 0.0171875 0.0234375
6 0.821875 0.5609375 0.0171875 0.0234375
6 0.64140625 0.5390625 0.01875 0.025
6 0.646875 0.56015625 0.01875 0.025
6 0.65234375 0.58046875 0.01875 0.025
6 0.6578125 0.60078125 0.01875 0.025
6 0.62109375 0.61796875 0.01875 0.025
6 0.64375 0.60625 0.01875 0.025
6 0.63828125 0.58515625 0.01875 0.025
6 0.6328125 0.56484375 0.01875 0.025
6 0.6015625 0.6015625 0.01875 0.025
6 0.615625 0.59765625 0.01875 0.025
6 0.596875 0.58203125 0.01875 0.025
6 0.61015625 0.5765625 0.01875 0.025
6 0.59140625 0.56171875 0.01875 0.025
6 0.6046875 0.55703125 0.01875 0.025
6 0.60703125 0.62265625 0.01875 0.025
6 0.62734375 0.54453125 0.01875 0.025
6 0.5234375 0.51015625 0.0171875 0.0234375
6 0.5390625 0.509375 0.015625 0.0234375
6 0.55390625 0.5078125 0.0171875 0.0234375
6 0.55546875 0.53046875 0.0171875 0.0234375
6 0.540625 0.53125 0.0171875 0.0234375
6 0.525 0.5328125 0.0171875 0.0234375
6 0.5578125 0.56015625 0.015625 0.0234375
6 0.54296875 0.5609375 0.0171875 0.0234375
6 0.52734375 0.5625 0.0171875 0.0234375
6 0.5125 0.56328125 0.0171875 0.0234375
6 0.559375 0.5828125 0.0171875 0.0234375
6 0.54375 0.58359375 0.0171875 0.0234375
6 0.52890625 0.58515625 0.015625 0.0234375
6 0.5140625 0.5859375 0.0171875 0.0234375
6 0.5609375 0.6125 0.0171875 0.0234375
6 0.54609375 0.61328125 0.0171875 0.0234375
6 0.53046875 0.61484375 0.0171875 0.0234375
6 0.515625 0.61484375 0.0171875 0.0234375
6 0.5625 0.63515625 0.0171875 0.0234375
6 0.54765625 0.6359375 0.0171875 0.0234375
6 0.53203125 0.6375 0.0171875 0.0234375
6 0.5171875 0.6375 0.0171875 0.0234375
6 0.453125 0.546875 0.01875 0.025
6 0.4390625 0.553125 0.01875 0.025
6 0.42421875 0.55859375 0.01875 0.025
6 0.409375 0.56328125 0.01875 0.025
6 0.45703125 0.5671875 0.01875 0.025
6 0.4421875 0.57265625 0.01875 0.025
6 0.428125 0.57890625 0.01875 0.025
6 0.41328125 0.58359375 0.01875 0.025
6 0.46796875 0.6171875 0.01875 0.025
6 0.425 0.634375 0.01875 0.025
6 0.4390625 0.62890625 0.01875 0.025
6 0.45390625 0.6234375 0.01875 0.025
6 0.42109375 0.6140625 0.01875 0.025
6 0.4359375 0.60859375 0.01875 0.025
6 0.45 0.603125 0.01875 0.025
6 0.46484375 0.596875 0.01875 0.025
6 0.4359375 0.68515625 0.01875 0.025
6 0.45078125 0.6796875 0.01875 0.025
6 0.46484375 0.67421875 0.01875 0.025
6 0.4796875 0.66875 0.01875 0.025
6 0.4328125 0.665625 0.01875 0.025
6 0.446875 0.659375 0.01875 0.025
6 0.46171875 0.65390625 0.01875 0.025
6 0.47578125 0.64921875 0.01875 0.025
4 0.4375 0.48359375 0.0125 0.015625
4 0.4390625 0.4984375 0.0125 0.0171875
3 0.46796875 0.48046875 0.0375 0.0375
3 0.39921875 0.51328125 0.0296875 0.0390625
9 0.67734375 0.5515625 0.0140625 0.0421875
9 0.53828125 0.6703125 0.0125 0.021875
9 0.58046875 0.64921875 0.0140625 0.0203125
9 0.43671875 0.71484375 0.0140625 0.0203125
11 0.4203125 0.3875 0.0109375 0.009375
11 0.3734375 0.21640625 0.0140625 0.009375
11 0.38671875 0.41328125 0.00625 0.0140625
6 0.7828125 0.54296875 0.0171875 0.0234375
6 0.784375 0.5640625 0.0171875 0.0234375