11 0.38203125 0.471875 0.009375 0.01875
11 0.38203125 0.50390625 0.0078125 0.015625
11 0.38125 0.48828125 0.0078125 0.0171875
0 0.3953125 0.4390625 0.0390625 0.0265625
5 0.3859375 0.4234375 0.01875 0.0078125
5 0.4046875 0.42265625 0.0171875 0.009375
2 0.390625 0.39921875 0.034375 0.0390625
11 0.4734375 0.38203125 0.0109375 0.009375
11 0.484375 0.38203125 0.0109375 0.009375
11 0.49609375 0.38203125 0.0140625 0.0125
10 0.47109375 0.41328125 0.01875 0.0265625
10 0.49296875 0.4125 0.01875 0.0265625
0 0.4609375 0.4609375 0.0390625 0.0296875
5 0.484375 0.47109375 0.00625 0.025
5 0.4515625 0.48125 0.0265625 0.009375
5 0.4734375 0.48046875 0.0171875 0.0078125
10 0.4078125 0.471875 0.01875 0.0265625
10 0.40859375 0.50234375 0.0171875 0.025
4 0.321875 0.49921875 0.0109375 0.0171875
4 0.32109375 0.48203125 0.0109375 0.0171875
3 0.3515625 0.48984375 0.03125 0.0359375
3 0.29453125 0.48984375 0.021875 0.034375
5 0.2734375 0.48984375 0.00625 0.025
5 0.31953125 0.55703125 0.00625 0.025
5 0.32109375 0.58203125 0.00625 0.025
6 0.16640625 0.4828125 0.015625 0.021875
6 0.1671875 0.5046875 0.015625 0.021875
6 0.1828125 0.50390625 0.015625 0.021875
6 0.18203125 0.48203125 0.015625 0.021875
6 0.20546875 0.48125 0.015625 0.021875
6 0.20625 0.503125 0.015625 0.021875
6 0.22109375 0.48046875 0.015625 0.021875
6 0.221875 0.50234375 0.015625 0.021875
6 0.24375 0.4796875 0.0171875 0.021875
6 0.24453125 0.5015625 0.015625 0.021875
6 0.26015625 0.4796875 0.015625 0.021875
6 0.2609375 0.5015625 0.015625 0.021875
6 0.30078125 0.54765625 0.015625 0.021875
6 0.3015625 0.56875 0.015625 0.021875
6 0.30234375 0.590625 0.015625 0.021875
6 0.28515625 0.5484375 0.015625 0.021875
6 0.2859375 0.56953125 0.015625 0.021875
6 0.28671875 0.59140625 0.015625 0.021875
6 0.2640625 0.5921875 0.015625 0.021875
6 0.26328125 0.57109375 0.0171875 0.021875
6 0.26328125 0.54921875 0.015625 0.021875
6 0.246875 0.54921875 0.015625 0.021875
6 0.24765625 0.5703125 0.015625 0.021875
6 0.2484375 0.5921875 0.015625 0.021875
6 0.22265625 0.55 0.015625 0.021875
6 0.20703125 0.55078125 0.015625 0.021875
6 0.2078125 0.571875 0.015625 0.021875
6 0.20859375 0.59375 0.015625 0.021875
6 0.16875 0.55234375 0.015625 0.021875
6 0.184375 0.5515625 0.015625 0.021875
6 0.16875 0.5734375 0.015625 0.021875
6 0.18515625 0.57265625 0.015625 0.021875
6 0.1703125 0.5953125 0.015625 0.021875
6 0.1859375 0.59453125 0.015625 0.021875
6 0.36328125 0.55390625 0.01875 0.025
6 0.36015625 0.575 0.01875 0.025
6 0.35703125 0.5953125 0.01875 0.025
6 0.35390625 0.6171875 0.01875 0.025
6 0.3921875 0.6296875 0.01875 0.025
6 0.36796875 0.6203125 0.01875 0.025
6 0.37109375 0.59921875 0.01875 0.025
6 0.37421875 0.57890625 0.01875 0.025
6 0.409375 0.61171875 0.01875 0.025
6 0.3953125 0.609375 0.01875 0.025
6 0.4125 0.59140625 0.01875 0.025
6 0.3984375 0.58828125 0.01875 0.025
6 0.415625 0.57109375 0.01875 0.025
6 0.4015625 0.5671875 0.01875 0.025
6 0.40625 0.6328125 0.01875 0.025
6 0.37734375 0.5578125 0.01875 0.025
6 0.478125 0.5125 0.015625 0.0234375
6 0.4625 0.51328125 0.015625 0.021875
6 0.44765625 0.51328125 0.015625 0.021875
6 0.4484375 0.5359375 0.015625 0.021875
6 0.46328125 0.5359375 0.015625 0.021875
6 0.47890625 0.53515625 0.015625 0.0234375
6 0.44921875 0.565625 0.015625 0.021875
6 0.4640625 0.565625 0.015625 0.021875
6 0.4796875 0.56484375 0.015625 0.021875
6 0.49453125 0.5640625 0.015625 0.0234375
6 0.45 0.58828125 0.015625 0.0234375
6 0.465625 0.58828125 0.015625 0.021875
6 0.48046875 0.5875 0.015625 0.021875
6 0.4953125 0.58671875 0.015625 0.0234375
6 0.45078125 0.61796875 0.015625 0.0234375
6 0.465625 0.61796875 0.015625 0.0234375
6 0.48125 0.6171875 0.015625 0.0234375
6 0.49609375 0.615625 0.015625 0.0234375
6 0.4515625 0.640625 0.015625 0.0234375
6 0.46640625 0.640625 0.015625 0.0234375
6 0.48203125 0.63984375 0.015625 0.0234375
6 0.496875 0.63828125 0.015625 0.021875
6 0.5515625 0.5421875 0.01875 0.0234375
6 0.56640625 0.54609375 0.01875 0.025
6 0.58125 0.55 0.01875 0.0234375
6 0.59609375 0.55390625 0.01875 0.025
6 0.55 0.5625 0.01875 0.0234375
6 0.56484375 0.56640625 0.0171875 0.0234375
6 0.5796875 0.5703125 0.01875 0.0234375
6 0.59453125 0.57421875 0.01875 0.0234375
6 0.54375 0.61328125 0.01875 0.0234375
6 0.5890625 0.62578125 0.01875 0.0234375
6 0.5734375 0.621875 0.01875 0.0234375
6 0.55859375 0.6171875 0.01875 0.0234375
6 0.590625 0.60546875 0.01875 0.0234375
6 0.57578125 0.6015625 0.01875 0.0234375
6 0.56015625 0.596875 0.01875 0.0234375
6 0.5453125 0.59296875 0.01875 0.0234375
6 0.5828125 0.67734375 0.01875 0.0234375
6 0.56796875 0.6734375 0.01875 0.0234375
6 0.553125 0.66953125 0.01875 0.0234375
6 0.5375 0.665625 0.01875 0.0234375
6 0.584375 0.65703125 0.01875 0.0234375
6 0.56953125 0.653125 0.01875 0.0234375
6 0.5546875 0.64921875 0.01875 0.0234375
6 0.53984375 0.6453125 0.01875 0.0234375
4 0.56015625 0.4765625 0.0109375 0.015625
4 0.5609375 0.4921875 0.0109375 0.0171875
3 0.5296875 0.47734375 0.0375 0.0359375
3 0.6015625 0.50234375 0.028125 0.0390625
9 0.32890625 0.5703125 0.0125 0.0421875
9 0.4796875 0.6734375 0.0109375 0.021875
9 0.4359375 0.65703125 0.0140625 0.01875
9 0.58515625 0.70703125 0.0140625 0.01875
11 0.56796875 0.3796875 0.0109375 0.009375
11 0.59609375 0.2046875 0.0140625 0.009375
11 0.60390625 0.4015625 0.00625 0.0140625
6 0.2234375 0.571875 0.015625 0.021875
6 0.22421875 0.59296875 0.015625 0.021875