11 0.3828125 0.46796875 0.00859375 0.01875
11 0.38203125 0.5 0.00703125 0.015625
11 0.38203125 0.484375 0.00703125 0.01640625
0 0.39765625 0.43515625 0.03828125 0.025
5 0.3890625 0.41953125 0.01875 0.0078125
5 0.4078125 0.41953125 0.01640625 0.00859375
2 0.39453125 0.3953125 0.0328125 0.0375
11 0.47734375 0.38125 0.0109375 0.009375
11 0.48828125 0.38125 0.0109375 0.009375
11 0.5 0.38203125 0.01328125 0.0125
10 0.47421875 0.4125 0.0171875 0.02578125
10 0.49609375 0.4125 0.0171875 0.02578125
0 0.4625 0.459375 0.0375 0.028125
5 0.48515625 0.4703125 0.00546875 0.025
5 0.45234375 0.4796875 0.0265625 0.0078125
5 0.47421875 0.4796875 0.0171875 0.0078125
10 0.40859375 0.46875 0.0171875 0.02578125
10 0.40859375 0.49921875 0.01640625 0.025
4 0.321875 0.49296875 0.0109375 0.01640625
4 0.321875 0.47578125 0.0109375 0.01640625
3 0.35234375 0.484375 0.03046875 0.03515625
3 0.2953125 0.4828125 0.02109375 0.034375
5 0.27421875 0.48203125 0.00546875 0.025
5 0.31796875 0.55078125 0.00546875 0.02421875
5 0.31796875 0.57578125 0.00546875 0.025
6 0.1671875 0.47109375 0.015625 0.021875
6 0.1671875 0.49296875 0.015625 0.02109375
6 0.1828125 0.49296875 0.015625 0.021875
6 0.1828125 0.47109375 0.015625 0.021875
6 0.20625 0.47109375 0.015625 0.021875
6 0.20625 0.49296875 0.015625 0.021875
6 0.221875 0.47109375 0.015625 0.021875
6 0.221875 0.49296875 0.015625 0.021875
6 0.24453125 0.47109375 0.01640625 0.021875
6 0.24453125 0.49296875 0.015625 0.021875
6 0.2609375 0.47109375 0.015625 0.021875
6 0.2609375 0.49296875 0.015625 0.02109375
6 0.29921875 0.540625 0.015625 0.021875
6 0.29921875 0.56171875 0.015625 0.02109375
6 0.29921875 0.58359375 0.015625 0.021875
6 0.28359375 0.540625 0.015625 0.021875
6 0.28359375 0.56171875 0.015625 0.02109375
6 0.28359375 0.58359375 0.015625 0.021875
6 0.2609375 0.58359375 0.015625 0.021875
6 0.2609375 0.5625 0.01640625 0.021875
6 0.26171875 0.540625 0.015625 0.021875
6 0.2453125 0.540625 0.015625 0.021875
6 0.2453125 0.56171875 0.015625 0.02109375
6 0.2453125 0.58359375 0.015625 0.02109375
6 0.22109375 0.540625 0.015625 0.021875
6 0.20546875 0.540625 0.015625 0.021875
6 0.20546875 0.56171875 0.015625 0.021875
6 0.20546875 0.58359375 0.015625 0.021875
6 0.1671875 0.540625 0.015625 0.021875
6 0.1828125 0.540625 0.015625 0.021875
6 0.16640625 0.56171875 0.015625 0.021875
6 0.1828125 0.56171875 0.015625 0.021875
6 0.1671875 0.58359375 0.015625 0.021875
6 0.1828125 0.58359375 0.015625 0.021875
6 0.36171875 0.54921875 0.0171875 0.02421875
6 0.3578125 0.5703125 0.0171875 0.02421875
6 0.35390625 0.590625 0.0171875 0.02421875
6 0.35 0.61171875 0.0171875 0.02421875
6 0.3875 0.62578125 0.0171875 0.02421875
6 0.3640625 0.615625 0.0171875 0.02421875
6 0.36796875 0.59453125 0.0171875 0.02421875
6 0.371875 0.57421875 0.0171875 0.02421875
6 0.40546875 0.60859375 0.0171875 0.02421875
6 0.39140625 0.60546875 0.0171875 0.02421875
6 0.409375 0.58828125 0.0171875 0.02421875
6 0.3953125 0.584375 0.0171875 0.02421875
6 0.41328125 0.56796875 0.0171875 0.02421875
6 0.39921875 0.5640625 0.0171875 0.02421875
6 0.4015625 0.6296875 0.0171875 0.02421875
6 0.37578125 0.553125 0.0171875 0.02421875
6 0.47734375 0.51171875 0.015625 0.02265625
6 0.46171875 0.51171875 0.01484375 0.021875
6 0.446875 0.51171875 0.015625 0.021875
6 0.446875 0.534375 0.015625 0.021875
6 0.46171875 0.534375 0.015625 0.021875
6 0.47734375 0.534375 0.015625 0.02265625
6 0.446875 0.5640625 0.01484375 0.021875
6 0.46171875 0.5640625 0.015625 0.021875
6 0.47734375 0.5640625 0.015625 0.021875
6 0.4921875 0.5640625 0.015625 0.02265625
6 0.446875 0.58671875 0.015625 0.02265625
6 0.4625 0.58671875 0.015625 0.021875
6 0.47734375 0.58671875 0.01484375 0.021875
6 0.4921875 0.58671875 0.015625 0.02265625
6 0.446875 0.61640625 0.015625 0.02265625
6 0.46171875 0.61640625 0.015625 0.02265625
6 0.47734375 0.61640625 0.015625 0.02265625
6 0.4921875 0.615625 0.015625 0.02265625
6 0.446875 0.6390625 0.015625 0.02265625
6 0.46171875 0.6390625 0.015625 0.02265625
6 0.47734375 0.6390625 0.015625 0.02265625
6 0.4921875 0.63828125 0.015625 0.021875
6 0.55 0.54375 0.0171875 0.0234375
6 0.56484375 0.5484375 0.0171875 0.02421875
6 0.5796875 0.553125 0.0171875 0.0234375
6 0.59453125 0.55703125 0.0171875 0.02421875
6 0.54765625 0.5640625 0.0171875 0.0234375
6 0.5625 0.56875 0.01640625 0.0234375
6 0.57734375 0.5734375 0.0171875 0.0234375
6 0.5921875 0.57734375 0.0171875 0.0234375
6 0.53984375 0.61484375 0.0171875 0.0234375
6 0.584375 0.62890625 0.0171875 0.0234375
6 0.56953125 0.62421875 0.0171875 0.0234375
6 0.5546875 0.61953125 0.0171875 0.0234375
6 0.58671875 0.60859375 0.0171875 0.0234375
6 0.571875 0.60390625 0.0171875 0.0234375
6 0.55703125 0.59921875 0.0171875 0.0234375
6 0.5421875 0.59453125 0.0171875 0.0234375
6 0.5765625 0.68046875 0.0171875 0.0234375
6 0.56171875 0.67578125 0.0171875 0.0234375
6 0.546875 0.67109375 0.0171875 0.0234375
6 0.53203125 0.6671875 0.0171875 0.0234375
6 0.57890625 0.66015625 0.0171875 0.0234375
6 0.5640625 0.65546875 0.0171875 0.0234375
6 0.54921875 0.65078125 0.0171875 0.0234375
6 0.534375 0.646875 0.0171875 0.0234375
4 0.5609375 0.47890625 0.0109375 0.015625
4 0.5609375 0.49453125 0.0109375 0.01640625
3 0.53046875 0.478125 0.0359375 0.034375
3 0.6015625 0.50625 0.02734375 0.0375
9 0.3265625 0.5640625 0.0109375 0.0421875
9 0.4734375 0.67265625 0.0109375 0.021875
9 0.43046875 0.6546875 0.01328125 0.01875
9 0.578125 0.71015625 0.01328125 0.01875
11 0.571875 0.38203125 0.01015625 0.009375
11 0.60625 0.20859375 0.0140625 0.00859375
11 0.60703125 0.40546875 0.00546875 0.0140625
6 0.22109375 0.5625 0.015625 0.021875
6 0.22109375 0.58359375 0.015625 0.021875