6 0.48984375 0.359375 0.0296875 0.0390625
6 0.490625 0.325 0.028125 0.0375
0 0.546875 0.45234375 0.0453125 0.053125
6 0.49375 0.2921875 0.03125 0.0375
6 0.4546875 0.28828125 0.0296875 0.0375
6 0.43046875 0.28671875 0.0296875 0.0375
6 0.428125 0.32109375 0.0296875 0.0375
6 0.453125 0.32265625 0.0296875 0.0375
6 0.45 0.35546875 0.0296875 0.0390625
6 0.425 0.3546875 0.0296875 0.0375
6 0.38828125 0.31796875 0.0296875 0.0375
6 0.390625 0.28515625 0.028125 0.0375
6 0.36640625 0.2828125 0.028125 0.0375
6 0.3640625 0.31640625 0.028125 0.040625
2 0.30859375 0.3140625 0.065625 0.103125
5 0.28046875 0.34609375 0.0171875 0.021875
3 0.3390625 0.4078125 0.0328125 0.053125
11 0.340625 0.44921875 0.0296875 0.015625
0 0.49609375 0.446875 0.05 0.0484375
2 0.59609375 0.6046875 0.0296875 0.0421875
2 0.62734375 0.60703125 0.028125 0.04375
4 0.55625 0.596875 0.0359375 0.0296875
4 0.5578125 0.56640625 0.0359375 0.0296875
5 0.53984375 0.51640625 0.0234375 0.03125
5 0.36640625 0.5015625 0.0234375 0.03125
5 0.2703125 0.53828125 0.0171875 0.021875
6 0.4953125 0.53984375 0.028125 0.0375
6 0.51875 0.540625 0.028125 0.0375
6 0.5171875 0.57265625 0.0296875 0.0390625
6 0.515625 0.60546875 0.0296875 0.040625
6 0.49140625 0.6046875 0.0296875 0.0375
6 0.4921875 0.5734375 0.028125 0.0359375
6 0.45546875 0.546875 0.028125 0.0390625
6 0.453125 0.58046875 0.028125 0.0359375
6 0.43125 0.54453125 0.028125 0.0390625
6 0.42890625 0.5796875 0.028125 0.0390625
6 0.39140625 0.53046875 0.0296875 0.0390625
6 0.36640625 0.5625 0.028125 0.0390625
6 0.36796875 0.5296875 0.028125 0.0390625
6 0.3890625 0.56484375 0.0296875 0.040625
6 0.38671875 0.59765625 0.0296875 0.0375
6 0.36328125 0.59609375 0.028125 0.0375
6 0.325 0.56015625 0.0296875 0.0390625
6 0.30234375 0.559375 0.0296875 0.0390625
6 0.32265625 0.59296875 0.028125 0.0375
6 0.2984375 0.59140625 0.0296875 0.0375
0 0.234375 0.559375 0.05625 0.0578125
1 0.1828125 0.54921875 0.03125 0.08125
9 0.1515625 0.459375 0.0234375 0.04375
9 0.15703125 0.403125 0.0234375 0.04375
2 0.3859375 0.44375 0.021875 0.0578125
2 0.4015625 0.44375 0.0203125 0.0546875
11 0.61328125 0.57421875 0.0546875 0.0171875
3 0.6984375 0.61484375 0.0453125 0.05625
3 0.796875 0.621875 0.0703125 0.05625
9 0.71640625 0.3828125 0.04375 0.025
9 0.66953125 0.30078125 0.0390625 0.0265625
5 0.696875 0.29609375 0.0171875 0.021875
5 0.74765625 0.29921875 0.0171875 0.0234375
5 0.67578125 0.39921875 0.0171875 0.021875
6 0.6671875 0.34765625 0.0265625 0.0421875
3 0.81015625 0.3265625 0.059375 0.05625
2 0.7203125 0.3265625 0.04375 0.08125
6 0.5171875 0.29453125 0.028125 0.0390625
6 0.515625 0.3265625 0.028125 0.0359375
6 0.51328125 0.36015625 0.028125 0.0390625
6 0.5578125 0.296875 0.028125 0.0390625
6 0.58125 0.2984375 0.028125 0.0390625
6 0.57890625 0.33125 0.028125 0.0375
6 0.55625 0.3296875 0.028125 0.0375
6 0.553125 0.3625 0.028125 0.0390625
6 0.5765625 0.36484375 0.028125 0.0390625
6 0.625 0.3359375 0.028125 0.0375
6 0.62734375 0.3015625 0.028125 0.0390625
11 0.57734375 0.45390625 0.0125 0.040625
5 0.65 0.61328125 0.0171875 0.0234375
5 0.17890625 0.39765625 0.0171875 0.025