6 0.5203125 0.36015625 0.0265625 0.03671875
6 0.521875 0.32578125 0.02578125 0.0359375
0 0.45625 0.44921875 0.0421875 0.05078125
6 0.52109375 0.29296875 0.028125 0.0359375
6 0.56015625 0.2921875 0.0265625 0.0359375
6 0.584375 0.2921875 0.02734375 0.0359375
6 0.584375 0.3265625 0.02734375 0.0359375
6 0.559375 0.3265625 0.0265625 0.0359375
6 0.56015625 0.359375 0.0265625 0.03671875
6 0.58515625 0.36015625 0.0265625 0.0359375
6 0.62421875 0.3265625 0.0265625 0.0359375
6 0.62421875 0.29296875 0.02578125 0.03515625
6 0.6484375 0.29296875 0.025 0.0359375
6 0.6484375 0.3265625 0.025 0.03828125
2 0.70390625 0.328125 0.059375 0.1
5 0.7296875 0.36171875 0.015625 0.02109375
3 0.6671875 0.41953125 0.02890625 0.0515625
11 0.6625 0.46015625 0.02890625 0.01328125
0 0.5078125 0.44765625 0.046875 0.04453125
2 0.396875 0.59765625 0.02734375 0.040625
2 0.365625 0.59765625 0.025 0.0421875
4 0.4375 0.59296875 0.03359375 0.02734375
4 0.4375 0.5625 0.034375 0.02734375
5 0.459375 0.51328125 0.02109375 0.0296875
5 0.6328125 0.5109375 0.021875 0.03046875
5 0.7265625 0.55390625 0.015625 0.0203125
6 0.5015625 0.53984375 0.02578125 0.0359375
6 0.478125 0.5390625 0.02578125 0.0359375
6 0.478125 0.57109375 0.0265625 0.03671875
6 0.47734375 0.60390625 0.02734375 0.03828125
6 0.5015625 0.6046875 0.0265625 0.03515625
6 0.50234375 0.5734375 0.0265625 0.03359375
6 0.54140625 0.55 0.02578125 0.03671875
6 0.54140625 0.58359375 0.0265625 0.034375
6 0.565625 0.54921875 0.02578125 0.0375
6 0.565625 0.584375 0.02578125 0.03671875
6 0.60625 0.53828125 0.02734375 0.0375
6 0.62890625 0.571875 0.02578125 0.0375
6 0.6296875 0.5390625 0.02578125 0.0375
6 0.60625 0.57265625 0.0265625 0.03828125
6 0.60625 0.60546875 0.0265625 0.0359375
6 0.6296875 0.60546875 0.02578125 0.0359375
6 0.6703125 0.571875 0.0265625 0.0375
6 0.69296875 0.57265625 0.02734375 0.0375
6 0.6703125 0.60546875 0.025 0.0359375
6 0.69453125 0.60546875 0.02734375 0.0359375
0 0.7609375 0.578125 0.053125 0.0546875
1 0.81328125 0.57109375 0.0265625 0.07890625
9 0.85078125 0.48359375 0.0203125 0.04296875
9 0.84921875 0.42734375 0.02109375 0.0421875
2 0.61796875 0.4515625 0.01796875 0.05625
2 0.60234375 0.45078125 0.01640625 0.05390625
11 0.38203125 0.56640625 0.053125 0.0140625
3 0.29375 0.60078125 0.04140625 0.05390625
3 0.1953125 0.60078125 0.06640625 0.05234375
9 0.2921875 0.36796875 0.0421875 0.02265625
9 0.34453125 0.2890625 0.03828125 0.0234375
5 0.31796875 0.2828125 0.01640625 0.02109375
5 0.2671875 0.2828125 0.01640625 0.021875
5 0.33203125 0.3875 0.01640625 0.02109375
6 0.34375 0.33671875 0.0234375 0.04140625
3 0.20234375 0.30546875 0.05546875 0.053125
2 0.2921875 0.31171875 0.0390625 0.07890625
6 0.496875 0.29375 0.025 0.03671875
6 0.496875 0.32578125 0.02578125 0.034375
6 0.496875 0.359375 0.02578125 0.03671875
6 0.45625 0.29296875 0.025 0.03671875
6 0.4328125 0.29296875 0.02578125 0.03671875
6 0.4328125 0.32578125 0.02578125 0.03515625
6 0.45546875 0.32578125 0.025 0.0359375
6 0.45625 0.359375 0.025 0.0375
6 0.4328125 0.36015625 0.02578125 0.0375
6 0.38671875 0.32734375 0.025 0.0359375
6 0.38671875 0.29296875 0.02578125 0.03671875
11 0.42578125 0.4484375 0.009375 0.03984375
5 0.3421875 0.60234375 0.015625 0.02265625
5 0.82734375 0.4203125 0.015625 0.0234375