6 0.50078125 0.64140625 0.03125 0.040625
6 0.49765625 0.67578125 0.03125 0.0390625
0 0.44921875 0.54453125 0.0484375 0.05625
6 0.4921875 0.7078125 0.0328125 0.0390625
6 0.53046875 0.7140625 0.03125 0.0390625
6 0.5546875 0.7171875 0.0328125 0.0390625
6 0.559375 0.68359375 0.0328125 0.0390625
6 0.534375 0.6796875 0.03125 0.0390625
6 0.53984375 0.64765625 0.03125 0.040625
6 0.56484375 0.65 0.03125 0.0390625
6 0.59921875 0.6890625 0.03125 0.0390625
6 0.59453125 0.72265625 0.0296875 0.0390625
6 0.61796875 0.72578125 0.0296875 0.0390625
6 0.62265625 0.6921875 0.0296875 0.040625
2 0.678125 0.6984375 0.0734375 0.1078125
5 0.70859375 0.66875 0.01875 0.0234375
3 0.6546875 0.603125 0.0359375 0.0546875
11 0.65546875 0.56171875 0.03125 0.0171875
0 0.50078125 0.553125 0.053125 0.05
2 0.41171875 0.3890625 0.0328125 0.04375
2 0.38046875 0.384375 0.03125 0.0453125
4 0.45078125 0.39921875 0.0375 0.03125
4 0.446875 0.4296875 0.0375 0.03125
5 0.46171875 0.48125 0.025 0.0328125
5 0.6328125 0.5078125 0.0265625 0.0328125
5 0.73203125 0.478125 0.01875 0.021875
6 0.50703125 0.4609375 0.03125 0.0390625
6 0.48359375 0.45859375 0.03125 0.0390625
6 0.48828125 0.4265625 0.03125 0.040625
6 0.4921875 0.39375 0.0328125 0.0421875
6 0.51640625 0.396875 0.03125 0.0390625
6 0.5125 0.42734375 0.03125 0.0375
6 0.54765625 0.45625 0.03125 0.040625
6 0.55234375 0.42265625 0.03125 0.0375
6 0.571875 0.46015625 0.03125 0.040625
6 0.5765625 0.42578125 0.03125 0.040625
6 0.61015625 0.4765625 0.0328125 0.040625
6 0.6375 0.446875 0.03125 0.040625
6 0.63359375 0.4796875 0.03125 0.040625
6 0.615625 0.44296875 0.03125 0.0421875
6 0.61953125 0.41015625 0.03125 0.0390625
6 0.64296875 0.41328125 0.03125 0.0390625
6 0.67890625 0.45234375 0.03125 0.040625
6 0.7015625 0.4546875 0.0328125 0.040625
6 0.68359375 0.41953125 0.0296875 0.0390625
6 0.70703125 0.42265625 0.0328125 0.0390625
0 0.76953125 0.45859375 0.0609375 0.0609375
1 0.8203125 0.4734375 0.0375 0.08125
9 0.8453125 0.56484375 0.0265625 0.0453125
9 0.8359375 0.6203125 0.0265625 0.0453125
2 0.61015625 0.5640625 0.025 0.0578125
2 0.59453125 0.56328125 0.0234375 0.05625
11 0.3921875 0.41796875 0.0546875 0.021875
3 0.31015625 0.371875 0.0484375 0.059375
3 0.2125 0.3578125 0.0734375 0.0609375
9 0.27578125 0.6015625 0.0453125 0.028125
9 0.31640625 0.6875 0.040625 0.028125
5 0.28984375 0.68984375 0.01875 0.0234375
5 0.2390625 0.6828125 0.01875 0.0234375
5 0.31796875 0.58828125 0.01875 0.0234375
6 0.32265625 0.63984375 0.0296875 0.04375
3 0.178125 0.6515625 0.0625 0.0609375
2 0.26796875 0.6578125 0.05 0.0828125
6 0.46796875 0.70390625 0.0296875 0.0390625
6 0.47265625 0.671875 0.0296875 0.0375
6 0.47734375 0.6390625 0.03125 0.040625
6 0.428125 0.69921875 0.0296875 0.0390625
6 0.4046875 0.6953125 0.03125 0.040625
6 0.409375 0.66328125 0.0296875 0.0390625
6 0.43203125 0.66640625 0.0296875 0.0390625
6 0.43671875 0.6328125 0.0296875 0.040625
6 0.4140625 0.62890625 0.03125 0.040625
6 0.3640625 0.65546875 0.0296875 0.0390625
6 0.359375 0.6890625 0.03125 0.040625
11 0.41953125 0.540625 0.0140625 0.040625
5 0.3578125 0.3765625 0.01875 0.025
5 0.81328125 0.62421875 0.01875 0.025