9 0.59765625 0.784375 0.0515625 0.0390625
9 0.68984375 0.80234375 0.053125 0.0390625
2 0.74296875 0.7828125 0.0515625 0.06875
0 0.684375 0.7125 0.1171875 0.0875
8 0.69140625 0.58359375 0.046875 0.0421875
7 0.6359375 0.5765625 0.0421875 0.0515625
7 0.5828125 0.56640625 0.0359375 0.05
9 0.73984375 0.59609375 0.0546875 0.0515625
7 0.74140625 0.52578125 0.0390625 0.0625
6 0.415625 0.6984375 0.0421875 0.053125
6 0.4234375 0.6546875 0.04375 0.05625
6 0.46328125 0.66328125 0.0421875 0.053125
6 0.45703125 0.70703125 0.04375 0.053125
5 0.4390625 0.68203125 0.01875 0.05625
5 0.3328125 0.553125 0.04375 0.028125
6 0.3109375 0.58125 0.040625 0.0546875
6 0.3421875 0.5875 0.0421875 0.05625
8 0.52734375 0.71484375 0.034375 0.05625
2 0.878125 0.32421875 0.1125 0.15
5 0.9265625 0.27421875 0.0171875 0.0234375
9 0.73359375 0.41171875 0.065625 0.059375
9 0.659375 0.3984375 0.0671875 0.0578125
3 0.66484375 0.29375 0.1609375 0.1078125
7 0.52421875 0.3234375 0.04375 0.0515625
7 0.546875 0.2390625 0.0421875 0.059375
6 0.4328125 0.26796875 0.0421875 0.0546875
6 0.43984375 0.2234375 0.04375 0.053125
6 0.47109375 0.2296875 0.0421875 0.053125
6 0.4640625 0.2734375 0.0421875 0.053125
5 0.4515625 0.303125 0.0234375 0.0234375
5 0.4328125 0.3 0.0265625 0.0234375
5 0.36328125 0.28671875 0.0421875 0.025
5 0.37421875 0.2296875 0.0390625 0.021875
6 0.353125 0.2546875 0.040625 0.0515625
6 0.384375 0.26015625 0.0421875 0.0546875
6 0.39453125 0.20234375 0.0421875 0.0515625
6 0.36328125 0.19765625 0.0421875 0.0546875
6 0.27265625 0.240625 0.0421875 0.053125
6 0.28359375 0.1828125 0.040625 0.0546875
6 0.3140625 0.1875 0.04375 0.0578125
6 0.30390625 0.24609375 0.0421875 0.053125
5 0.2828125 0.2734375 0.0421875 0.0265625
5 0.29375 0.215625 0.040625 0.0234375
5 0.2125 0.2015625 0.0234375 0.059375
6 0.37578125 0.3109375 0.040625 0.0453125
6 0.34375 0.30625 0.0375 0.0375
6 0.1953125 0.1765625 0.0421875 0.053125
6 0.1875 0.2203125 0.0421875 0.053125
6 0.221875 0.22734375 0.034375 0.0515625
6 0.23046875 0.18359375 0.0359375 0.053125
6 0.265625 0.3765625 0.040625 0.0515625
6 0.25546875 0.434375 0.0421875 0.0515625
6 0.24765625 0.47734375 0.0421875 0.0546875
6 0.27890625 0.48359375 0.0421875 0.0546875
6 0.28671875 0.4390625 0.0421875 0.053125
6 0.296875 0.38359375 0.040625 0.0515625
5 0.2765625 0.409375 0.040625 0.021875
5 0.22578125 0.534375 0.0421875 0.0265625
5 0.43203125 0.43671875 0.040625 0.0234375
6 0.41015625 0.4625 0.0421875 0.0515625
6 0.44296875 0.46875 0.0453125 0.0546875
6 0.403125 0.50625 0.04375 0.053125
6 0.43359375 0.51171875 0.0421875 0.05
6 0.42109375 0.40390625 0.0421875 0.0515625
6 0.45234375 0.41015625 0.0421875 0.0515625
6 0.34296875 0.39140625 0.0421875 0.053125
6 0.37421875 0.396875 0.04375 0.05625
6 0.3359375 0.4359375 0.0453125 0.0546875
6 0.36640625 0.44140625 0.0453125 0.0546875
6 0.328125 0.47890625 0.0421875 0.0515625
6 0.359375 0.48359375 0.0421875 0.05
3 0.78828125 0.309375 0.0796875 0.1140625
6 0.20390625 0.5625 0.0421875 0.0546875
6 0.2359375 0.56875 0.040625 0.05625
3 0.50703125 0.48359375 0.06875 0.134375