9 0.3546875 0.23671875 0.04609375 0.03125
9 0.26015625 0.23515625 0.04765625 0.03203125
2 0.21171875 0.26328125 0.040625 0.06328125
0 0.28125 0.32265625 0.10703125 0.0703125
8 0.296875 0.45078125 0.04140625 0.0359375
7 0.353125 0.4484375 0.03515625 0.04609375
7 0.40703125 0.44921875 0.02890625 0.0453125
9 0.246875 0.446875 0.0484375 0.04453125
7 0.2578125 0.51640625 0.0296875 0.0578125
6 0.5484375 0.28984375 0.034375 0.04765625
6 0.5484375 0.334375 0.0359375 0.05
6 0.5078125 0.3328125 0.034375 0.04765625
6 0.50625 0.28828125 0.03515625 0.0484375
5 0.528125 0.31015625 0.009375 0.0546875
5 0.65546875 0.41875 0.04140625 0.02109375
6 0.671875 0.3875 0.03203125 0.04921875
6 0.640625 0.38671875 0.03359375 0.0515625
8 0.4359375 0.29296875 0.025 0.053125
2 0.1578125 0.7390625 0.090625 0.13671875
5 0.11875 0.79609375 0.01328125 0.02109375
9 0.28515625 0.62734375 0.05859375 0.04921875
9 0.3609375 0.62734375 0.059375 0.0484375
3 0.3734375 0.73203125 0.14921875 0.08359375
7 0.50703125 0.678125 0.03671875 0.04609375
7 0.49921875 0.76484375 0.0328125 0.05390625
6 0.60625 0.7171875 0.034375 0.04921875
6 0.60703125 0.76171875 0.03515625 0.0484375
6 0.575 0.7609375 0.034375 0.0484375
6 0.575 0.7171875 0.034375 0.0484375
5 0.58203125 0.68515625 0.02109375 0.01953125
5 0.60078125 0.68515625 0.02265625 0.0203125
5 0.671875 0.6859375 0.03984375 0.01796875
5 0.67109375 0.74453125 0.0375 0.015625
6 0.6875 0.71640625 0.0328125 0.046875
6 0.65546875 0.71640625 0.034375 0.04921875
6 0.65546875 0.775 0.03515625 0.046875
6 0.6875 0.77421875 0.034375 0.05
6 0.76875 0.715625 0.034375 0.04765625
6 0.76796875 0.775 0.0328125 0.04921875
6 0.7375 0.77578125 0.03515625 0.05234375
6 0.7375 0.715625 0.03515625 0.04765625
5 0.753125 0.68515625 0.0390625 0.01953125
5 0.75234375 0.74453125 0.0390625 0.01640625
5 0.83515625 0.74375 0.0140625 0.05703125
6 0.65546875 0.66484375 0.034375 0.03984375
6 0.6875 0.6640625 0.0328125 0.0328125
6 0.85625 0.765625 0.03359375 0.0484375
6 0.85625 0.72109375 0.034375 0.04765625
6 0.82109375 0.7203125 0.0265625 0.04765625
6 0.8203125 0.76484375 0.028125 0.04921875
6 0.75234375 0.58046875 0.03359375 0.046875
6 0.75234375 0.521875 0.03515625 0.046875
6 0.75234375 0.478125 0.034375 0.04921875
6 0.7203125 0.478125 0.034375 0.04921875
6 0.7203125 0.52265625 0.03515625 0.04765625
6 0.7203125 0.5796875 0.0328125 0.046875
5 0.7359375 0.55078125 0.0390625 0.015625
5 0.7640625 0.41875 0.03984375 0.01953125
5 0.578125 0.55078125 0.03828125 0.01640625
6 0.5953125 0.52109375 0.034375 0.04609375
6 0.56171875 0.52109375 0.03671875 0.04921875
6 0.59453125 0.47734375 0.0359375 0.046875
6 0.56328125 0.4765625 0.03515625 0.0453125
6 0.59453125 0.58125 0.03515625 0.04609375
6 0.5625 0.58046875 0.03515625 0.04609375
6 0.6734375 0.5796875 0.03515625 0.04765625
6 0.64140625 0.5796875 0.0359375 0.05
6 0.67265625 0.534375 0.03671875 0.0484375
6 0.64140625 0.534375 0.03671875 0.04921875
6 0.67265625 0.490625 0.03515625 0.04609375
6 0.64140625 0.49140625 0.03515625 0.0453125
3 0.24921875 0.7375 0.06328125 0.10390625
6 0.78046875 0.38671875 0.034375 0.04921875
6 0.7484375 0.38671875 0.03203125 0.05078125
3 0.49609375 0.5171875 0.04765625 0.12734375