9 0.68046875 0.259375 0.05 0.0375
9 0.77421875 0.27109375 0.0515625 0.0390625
2 0.81875 0.30546875 0.0484375 0.06875
0 0.74140625 0.3546875 0.115625 0.084375
8 0.7078125 0.4796875 0.0453125 0.040625
7 0.65234375 0.46953125 0.040625 0.05
7 0.59921875 0.4625 0.034375 0.0484375
9 0.7578125 0.4828125 0.0546875 0.0515625
7 0.7375 0.55 0.0375 0.0609375
6 0.48125 0.28515625 0.040625 0.0515625
6 0.475 0.32890625 0.0421875 0.0546875
6 0.515625 0.33359375 0.040625 0.0515625
6 0.5234375 0.28984375 0.0421875 0.053125
5 0.4984375 0.3078125 0.0171875 0.0546875
5 0.35703125 0.39765625 0.04375 0.0265625
6 0.3453125 0.36484375 0.0390625 0.053125
6 0.3765625 0.36796875 0.040625 0.05625
8 0.5921875 0.30390625 0.0328125 0.05625
2 0.80546875 0.784375 0.109375 0.1484375
5 0.83671875 0.84609375 0.015625 0.0234375
9 0.6953125 0.65625 0.065625 0.05625
9 0.6203125 0.6453125 0.065625 0.05625
3 0.59296875 0.74765625 0.159375 0.103125
7 0.46796875 0.67578125 0.0421875 0.05
7 0.4640625 0.7625 0.040625 0.0578125
6 0.36484375 0.7 0.040625 0.053125
6 0.3578125 0.74453125 0.0421875 0.053125
6 0.3890625 0.74765625 0.040625 0.053125
6 0.3953125 0.7046875 0.040625 0.053125
5 0.39296875 0.671875 0.0234375 0.021875
5 0.37421875 0.66953125 0.025 0.0234375
5 0.30390625 0.66015625 0.0421875 0.0234375
5 0.296875 0.71796875 0.0390625 0.0203125
6 0.284375 0.68828125 0.0390625 0.0515625
6 0.315625 0.69296875 0.040625 0.053125
6 0.3078125 0.75078125 0.040625 0.0515625
6 0.27578125 0.7453125 0.040625 0.0546875
6 0.20390625 0.67578125 0.040625 0.0515625
6 0.19609375 0.73515625 0.0390625 0.053125
6 0.2265625 0.73984375 0.0421875 0.05625
6 0.23515625 0.68046875 0.0421875 0.0515625
5 0.2234375 0.6484375 0.040625 0.025
5 0.21640625 0.70703125 0.040625 0.021875
5 0.134375 0.69453125 0.021875 0.0578125
6 0.3234375 0.64140625 0.0390625 0.04375
6 0.29140625 0.63671875 0.0375 0.0375
6 0.11015625 0.71328125 0.040625 0.053125
6 0.11640625 0.66953125 0.040625 0.0515625
6 0.1515625 0.6734375 0.0328125 0.0515625
6 0.14609375 0.71796875 0.034375 0.053125
6 0.2390625 0.54453125 0.0390625 0.0515625
6 0.246875 0.48671875 0.040625 0.0515625
6 0.253125 0.44296875 0.040625 0.053125
6 0.28515625 0.44765625 0.040625 0.053125
6 0.27890625 0.49140625 0.0421875 0.0515625
6 0.27109375 0.5484375 0.0390625 0.0515625
5 0.259375 0.5171875 0.040625 0.0203125
5 0.25 0.3828125 0.0421875 0.025
5 0.415625 0.5390625 0.040625 0.021875
6 0.40234375 0.5078125 0.040625 0.05
6 0.4359375 0.5125 0.04375 0.053125
6 0.409375 0.4640625 0.0421875 0.0515625
6 0.440625 0.46796875 0.040625 0.05
6 0.3953125 0.5671875 0.040625 0.05
6 0.4265625 0.57109375 0.040625 0.05
6 0.3171875 0.5546875 0.0421875 0.0515625
6 0.34921875 0.559375 0.0421875 0.0546875
6 0.32421875 0.51015625 0.04375 0.053125
6 0.35546875 0.5140625 0.04375 0.053125
6 0.33046875 0.46640625 0.040625 0.05
6 0.3609375 0.471875 0.040625 0.05
3 0.715625 0.7703125 0.0765625 0.1109375
6 0.23828125 0.3484375 0.040625 0.053125
6 0.26953125 0.353125 0.0390625 0.0546875
3 0.5015625 0.5171875 0.065625 0.1328125