6 0.34453125 0.15390625 0.03359375 0.046875
6 0.34453125 0.1984375 0.03359375 0.04609375
6 0.34453125 0.240625 0.03359375 0.0484375
6 0.34453125 0.28359375 0.03359375 0.04765625
6 0.34453125 0.3265625 0.034375 0.05
6 0.31484375 0.3265625 0.034375 0.05
6 0.3140625 0.28359375 0.03359375 0.046875
6 0.3140625 0.23984375 0.0328125 0.04609375
6 0.3140625 0.196875 0.0328125 0.046875
6 0.3140625 0.1546875 0.0328125 0.04765625
2 0.21640625 0.16171875 0.05 0.075
11 0.271875 0.17265625 0.00859375 0.06640625
6 0.23046875 0.32265625 0.0328125 0.04609375
6 0.23125 0.2796875 0.0328125 0.04765625
6 0.2 0.32265625 0.03359375 0.04765625
6 0.19921875 0.27890625 0.0328125 0.04921875
11 0.27265625 0.284375 0.009375 0.0671875
2 0.309375 0.46015625 0.04609375 0.07890625
10 0.0640625 0.55703125 0.04140625 0.07265625
10 0.06640625 0.6375 0.040625 0.07109375
0 0.11015625 0.596875 0.03359375 0.07890625
2 0.08359375 0.78359375 0.06640625 0.0890625
2 0.096875 0.8828125 0.06484375 0.10625
3 0.16953125 0.8375 0.0546875 0.140625
6 0.24921875 0.9140625 0.0328125 0.04609375
6 0.2796875 0.91484375 0.0328125 0.04609375
6 0.2796875 0.87109375 0.0328125 0.04609375
6 0.24921875 0.871875 0.03359375 0.0453125
6 0.2796875 0.828125 0.0328125 0.04765625
6 0.24921875 0.82734375 0.034375 0.04609375
6 0.2796875 0.78515625 0.0328125 0.046875
6 0.25 0.78515625 0.03359375 0.046875
6 0.334375 0.78515625 0.03359375 0.0484375
6 0.36484375 0.784375 0.03359375 0.04765625
6 0.36484375 0.82890625 0.03359375 0.04921875
6 0.334375 0.828125 0.03359375 0.04921875
6 0.36484375 0.87265625 0.03359375 0.046875
6 0.334375 0.871875 0.03359375 0.046875
6 0.334375 0.91484375 0.03359375 0.04765625
6 0.3640625 0.91484375 0.034375 0.04765625
3 0.4421875 0.83515625 0.05703125 0.14921875
11 0.20859375 0.8375 0.01171875 0.1375
11 0.40390625 0.8375 0.01171875 0.13515625
5 0.259375 0.1390625 0.025 0.04375
11 0.3296875 0.39375 0.03828125 0.01953125
5 0.12265625 0.759375 0.021875 0.04375
6 0.47890625 0.66328125 0.034375 0.0484375
6 0.5109375 0.6640625 0.03515625 0.04609375
6 0.5109375 0.621875 0.03515625 0.04140625
6 0.4796875 0.621875 0.0359375 0.04296875
6 0.4796875 0.58203125 0.034375 0.046875
6 0.5109375 0.58125 0.0359375 0.046875
6 0.5109375 0.53828125 0.03671875 0.0453125
6 0.47890625 0.5375 0.03359375 0.04765625
6 0.52734375 0.88515625 0.02578125 0.0578125
6 0.50390625 0.884375 0.02578125 0.059375
6 0.503125 0.83046875 0.02734375 0.059375
6 0.5265625 0.8296875 0.0265625 0.06328125