6 0.625 0.14140625 0.0375 0.05
6 0.62890625 0.1859375 0.0375 0.0484375
6 0.63203125 0.228125 0.0375 0.0515625
6 0.6359375 0.27109375 0.0375 0.05
6 0.63984375 0.3140625 0.0390625 0.053125
6 0.66953125 0.3109375 0.0390625 0.053125
6 0.66640625 0.26796875 0.0375 0.05
6 0.6625 0.225 0.0359375 0.0484375
6 0.65859375 0.18203125 0.0375 0.05
6 0.65546875 0.13984375 0.0375 0.05
2 0.753125 0.13828125 0.05625 0.0796875
11 0.6984375 0.15390625 0.0140625 0.0671875
6 0.753125 0.3 0.0359375 0.0484375
6 0.7484375 0.25703125 0.0375 0.05
6 0.78359375 0.296875 0.0375 0.05
6 0.78046875 0.25390625 0.0375 0.0515625
11 0.7078125 0.265625 0.015625 0.0671875
2 0.68671875 0.44375 0.053125 0.0828125
10 0.9390625 0.51875 0.046875 0.0765625
10 0.94375 0.59921875 0.046875 0.075
0 0.896875 0.5625 0.040625 0.08125
2 0.93984375 0.74609375 0.0734375 0.09375
2 0.93515625 0.84609375 0.0734375 0.1109375
3 0.85859375 0.80703125 0.0671875 0.1453125
6 0.7859375 0.890625 0.0359375 0.0484375
6 0.75546875 0.89375 0.0359375 0.0484375
6 0.7515625 0.85078125 0.0359375 0.0484375
6 0.78203125 0.8484375 0.0375 0.0484375
6 0.7484375 0.8078125 0.0375 0.05
6 0.778125 0.80390625 0.0375 0.0484375
6 0.74453125 0.76484375 0.0375 0.05
6 0.77421875 0.7625 0.0375 0.05
6 0.68984375 0.76953125 0.0375 0.0515625
6 0.659375 0.771875 0.0375 0.05
6 0.66328125 0.815625 0.0375 0.0515625
6 0.69375 0.8125 0.0375 0.0515625
6 0.6671875 0.859375 0.0375 0.05
6 0.69765625 0.85625 0.0375 0.05
6 0.70078125 0.89921875 0.0375 0.05
6 0.671875 0.9015625 0.0390625 0.05
3 0.58671875 0.82890625 0.0703125 0.153125
11 0.81953125 0.8109375 0.0234375 0.1375
11 0.625 0.828125 0.0234375 0.1359375
5 0.70859375 0.11953125 0.028125 0.0453125
11 0.66015625 0.3796875 0.0390625 0.0234375
5 0.8984375 0.72578125 0.025 0.0453125
6 0.53515625 0.6609375 0.0390625 0.0515625
6 0.503125 0.6640625 0.0390625 0.0484375
6 0.5 0.62265625 0.0390625 0.04375
6 0.53046875 0.61953125 0.0390625 0.0453125
6 0.52734375 0.5796875 0.0390625 0.05
6 0.49609375 0.58203125 0.040625 0.05
6 0.4921875 0.5390625 0.040625 0.0484375
6 0.52421875 0.53515625 0.0375 0.05
6 0.50625 0.8859375 0.03125 0.059375
6 0.5296875 0.88359375 0.03125 0.0609375
6 0.52578125 0.8296875 0.0328125 0.0609375
6 0.50234375 0.83046875 0.03125 0.065625