6 0.58671875 0.13046875 0.0421875 0.053125
6 0.5953125 0.17421875 0.0421875 0.0515625
6 0.603125 0.215625 0.0421875 0.0546875
6 0.6109375 0.2578125 0.0421875 0.053125
6 0.61953125 0.3 0.04375 0.05625
6 0.6484375 0.29453125 0.04375 0.05625
6 0.64140625 0.25234375 0.0421875 0.053125
6 0.6328125 0.209375 0.040625 0.0515625
6 0.625 0.1671875 0.040625 0.0515625
6 0.61640625 0.12578125 0.040625 0.053125
2 0.7140625 0.1140625 0.0640625 0.0828125
11 0.66171875 0.13515625 0.021875 0.0671875
6 0.73046875 0.27421875 0.040625 0.0515625
6 0.721875 0.2328125 0.040625 0.053125
6 0.7609375 0.26875 0.0421875 0.053125
6 0.753125 0.22578125 0.0421875 0.0546875
11 0.68203125 0.2453125 0.021875 0.0671875
2 0.6796875 0.42421875 0.0609375 0.0859375
10 0.9390625 0.47265625 0.0546875 0.0796875
10 0.9515625 0.55234375 0.053125 0.078125
0 0.90078125 0.52109375 0.0484375 0.084375
2 0.96015625 0.6984375 0.0796875 0.1
2 0.96328125 0.79921875 0.0734375 0.1171875
3 0.8890625 0.76796875 0.08125 0.1484375
6 0.825 0.85859375 0.040625 0.0515625
6 0.7953125 0.86484375 0.040625 0.0515625
6 0.78671875 0.821875 0.040625 0.0515625
6 0.8171875 0.8171875 0.0421875 0.0515625
6 0.77890625 0.7796875 0.040625 0.053125
6 0.80859375 0.7734375 0.0421875 0.0515625
6 0.7703125 0.7375 0.040625 0.0515625
6 0.8 0.73203125 0.0421875 0.053125
6 0.7171875 0.7484375 0.0421875 0.0546875
6 0.68671875 0.753125 0.0421875 0.053125
6 0.6953125 0.796875 0.0421875 0.0546875
6 0.725 0.790625 0.0421875 0.0546875
6 0.70390625 0.83984375 0.0421875 0.053125
6 0.73359375 0.83359375 0.0421875 0.053125
6 0.74140625 0.87578125 0.0421875 0.053125
6 0.7125 0.88125 0.0421875 0.053125
3 0.6203125 0.81796875 0.084375 0.1578125
11 0.85078125 0.77578125 0.0375 0.1375
11 0.65859375 0.81328125 0.0375 0.134375
5 0.6671875 0.1 0.0328125 0.0484375
11 0.646875 0.36328125 0.040625 0.0265625
5 0.91953125 0.6828125 0.0296875 0.046875
6 0.5515625 0.65625 0.04375 0.0546875
6 0.5203125 0.66328125 0.04375 0.0515625
6 0.5125 0.621875 0.0421875 0.046875
6 0.54296875 0.615625 0.04375 0.0484375
6 0.5359375 0.5765625 0.0421875 0.053125
6 0.5046875 0.58203125 0.04375 0.053125
6 0.496875 0.53984375 0.0453125 0.0515625
6 0.528125 0.5328125 0.0421875 0.053125
6 0.546875 0.88359375 0.0359375 0.0609375
6 0.56953125 0.878125 0.0359375 0.0625
6 0.56015625 0.825 0.0375 0.0640625
6 0.53671875 0.82890625 0.0375 0.0671875