6 0.7375 0.51796875 0.0234375 0.028125
6 0.74140625 0.54296875 0.0234375 0.0265625
10 0.7125 0.55234375 0.021875 0.03125
6 0.72421875 0.484375 0.021875 0.0328125
6 0.7078125 0.4875 0.021875 0.03125
6 0.6515625 0.47578125 0.0203125 0.0265625
6 0.65546875 0.496875 0.0203125 0.025
6 0.63046875 0.478125 0.0203125 0.0265625
6 0.63359375 0.50078125 0.021875 0.025
6 0.66171875 0.53046875 0.0203125 0.0265625
6 0.6390625 0.5328125 0.0203125 0.0265625
6 0.665625 0.5515625 0.0203125 0.0265625
6 0.64296875 0.55546875 0.0203125 0.025
6 0.51953125 0.51484375 0.0203125 0.0296875
6 0.5015625 0.51796875 0.0203125 0.0296875
6 0.52421875 0.540625 0.0203125 0.0296875
6 0.50546875 0.5453125 0.021875 0.0296875
6 0.52890625 0.56875 0.021875 0.0296875
6 0.5109375 0.571875 0.021875 0.0296875
6 0.47734375 0.52265625 0.021875 0.0296875
6 0.459375 0.52578125 0.0203125 0.03125
6 0.4640625 0.55234375 0.021875 0.0296875
6 0.4828125 0.54921875 0.0234375 0.03125
6 0.48671875 0.57578125 0.021875 0.0296875
6 0.46875 0.57890625 0.021875 0.028125
3 0.58046875 0.54296875 0.0390625 0.0484375
3 0.54609375 0.40234375 0.0421875 0.04375
3 0.41171875 0.57265625 0.0390625 0.046875
9 0.16015625 0.64765625 0.0375 0.025
1 0.23359375 0.61484375 0.0234375 0.0734375
6 0.290625 0.55546875 0.021875 0.0296875
6 0.3078125 0.553125 0.0203125 0.0296875
6 0.3125 0.57890625 0.0234375 0.0296875
6 0.29453125 0.58203125 0.021875 0.0296875
6 0.3171875 0.60703125 0.021875 0.03125
6 0.3 0.609375 0.0203125 0.0296875
6 0.35 0.54453125 0.021875 0.03125
6 0.33203125 0.54765625 0.021875 0.0296875
6 0.33671875 0.575 0.021875 0.0296875
6 0.3546875 0.571875 0.021875 0.0296875
6 0.36015625 0.59765625 0.0234375 0.0296875
6 0.3421875 0.6015625 0.021875 0.03125
5 0.29609375 0.5375 0.0265625 0.0171875
5 0.3390625 0.5296875 0.0265625 0.01875
5 0.465625 0.50703125 0.0265625 0.0203125
5 0.50703125 0.49921875 0.025 0.015625
5 0.64296875 0.4875 0.0140625 0.0375
5 0.6515625 0.540625 0.0140625 0.0359375
6 0.425 0.60625 0.0203125 0.0265625
6 0.409375 0.60859375 0.0203125 0.0265625
2 0.7203125 0.425 0.028125 0.0328125
11 0.26015625 0.58984375 0.0140625 0.0328125
11 0.26484375 0.615625 0.0109375 0.021875
11 0.26875 0.63515625 0.0125 0.021875
11 0.23984375 0.59375 0.0140625 0.0328125
11 0.24375 0.61875 0.0125 0.021875
11 0.24765625 0.6390625 0.0125 0.021875
6 0.59453125 0.5765625 0.0203125 0.028125
6 0.578125 0.57890625 0.0203125 0.0265625