6 0.73046875 0.55859375 0.01953125 0.025
6 0.73046875 0.584375 0.01953125 0.02421875
10 0.7 0.58828125 0.01796875 0.028125
6 0.7234375 0.5234375 0.01640625 0.0296875
6 0.70703125 0.5234375 0.01796875 0.028125
6 0.653125 0.50234375 0.01640625 0.0234375
6 0.65390625 0.52421875 0.0171875 0.02265625
6 0.63203125 0.50078125 0.0171875 0.0234375
6 0.63125 0.52421875 0.01796875 0.021875
6 0.65390625 0.5578125 0.01640625 0.0234375
6 0.63125 0.55625 0.0171875 0.0234375
6 0.65390625 0.5796875 0.01640625 0.0234375
6 0.63125 0.5796875 0.0171875 0.021875
6 0.51640625 0.51796875 0.01640625 0.0265625
6 0.4984375 0.51796875 0.01640625 0.02734375
6 0.51640625 0.54453125 0.01640625 0.0265625
6 0.49765625 0.5453125 0.0171875 0.02734375
6 0.51640625 0.57265625 0.0171875 0.02734375
6 0.4984375 0.57265625 0.0171875 0.02734375
6 0.4734375 0.51796875 0.0171875 0.02734375
6 0.45546875 0.51796875 0.01640625 0.028125
6 0.45546875 0.5453125 0.0171875 0.02734375
6 0.47421875 0.5453125 0.01953125 0.028125
6 0.4734375 0.57265625 0.0171875 0.0265625
6 0.45546875 0.57265625 0.0171875 0.02578125
3 0.571875 0.55625 0.03203125 0.04375
3 0.5625 0.41171875 0.0359375 0.0375
3 0.40078125 0.55625 0.0328125 0.0421875
9 0.13984375 0.58671875 0.034375 0.01875
1 0.21796875 0.5671875 0.0109375 0.071875
6 0.284375 0.51796875 0.0171875 0.0265625
6 0.3015625 0.51875 0.01640625 0.02734375
6 0.3015625 0.5453125 0.01875 0.0265625
6 0.28359375 0.5453125 0.0171875 0.02734375
6 0.3015625 0.5734375 0.0171875 0.028125
6 0.284375 0.57265625 0.01640625 0.02734375
6 0.34453125 0.51796875 0.01796875 0.028125
6 0.3265625 0.51796875 0.0171875 0.02734375
6 0.3265625 0.5453125 0.01796875 0.0265625
6 0.34453125 0.5453125 0.01796875 0.02734375
6 0.3453125 0.571875 0.01875 0.0265625
6 0.3265625 0.57265625 0.01796875 0.028125
5 0.29296875 0.5015625 0.02421875 0.0125
5 0.3359375 0.5015625 0.02421875 0.0140625
5 0.46484375 0.50078125 0.02421875 0.015625
5 0.50703125 0.50078125 0.0234375 0.0125
5 0.64296875 0.5125 0.00859375 0.0359375
5 0.6421875 0.56640625 0.00859375 0.03515625
6 0.4078125 0.59140625 0.015625 0.025
6 0.3921875 0.59140625 0.01640625 0.02421875
2 0.7296875 0.4640625 0.02265625 0.0296875
11 0.2484375 0.546875 0.00859375 0.03203125
11 0.2484375 0.57265625 0.0078125 0.02109375
11 0.2484375 0.59296875 0.00859375 0.02109375
11 0.22734375 0.546875 0.00859375 0.03125
11 0.22734375 0.57265625 0.00859375 0.0203125
11 0.22734375 0.59296875 0.00859375 0.02109375
6 0.5796875 0.5921875 0.01640625 0.025
6 0.56328125 0.59140625 0.01640625 0.02421875