6 0.265625 0.4578125 0.021875 0.0265625
6 0.2640625 0.43203125 0.021875 0.025
10 0.29453125 0.42578125 0.0203125 0.0296875
6 0.27578125 0.4921875 0.01875 0.03125
6 0.2921875 0.49140625 0.0203125 0.0296875
6 0.346875 0.50859375 0.01875 0.025
6 0.34453125 0.48671875 0.01875 0.0234375
6 0.36796875 0.50859375 0.01875 0.025
6 0.3671875 0.48515625 0.01875 0.0234375
6 0.3421875 0.453125 0.01875 0.025
6 0.36484375 0.453125 0.01875 0.025
6 0.340625 0.43125 0.01875 0.025
6 0.36328125 0.4296875 0.01875 0.0234375
6 0.48203125 0.48359375 0.01875 0.028125
6 0.5 0.48203125 0.01875 0.028125
6 0.48046875 0.45703125 0.01875 0.028125
6 0.49921875 0.4546875 0.01875 0.028125
6 0.47890625 0.42890625 0.01875 0.028125
6 0.496875 0.42734375 0.01875 0.028125
6 0.525 0.48046875 0.01875 0.028125
6 0.54296875 0.47890625 0.01875 0.0296875
6 0.54140625 0.4515625 0.01875 0.028125
6 0.52265625 0.453125 0.021875 0.0296875
6 0.52109375 0.42578125 0.01875 0.028125
6 0.5390625 0.42421875 0.01875 0.0265625
3 0.42421875 0.44921875 0.034375 0.0453125
3 0.44375 0.5921875 0.0390625 0.040625
3 0.5953125 0.43671875 0.0359375 0.04375
9 0.853125 0.38828125 0.0359375 0.021875
1 0.7765625 0.41328125 0.015625 0.071875
6 0.7140625 0.4671875 0.01875 0.028125
6 0.696875 0.4671875 0.01875 0.028125
6 0.69453125 0.440625 0.0203125 0.028125
6 0.7125 0.43984375 0.01875 0.028125
6 0.69296875 0.41328125 0.01875 0.0296875
6 0.71015625 0.4125 0.01875 0.028125
6 0.65390625 0.47109375 0.0203125 0.0296875
6 0.671875 0.4703125 0.01875 0.028125
6 0.66953125 0.44296875 0.0203125 0.028125
6 0.6515625 0.44375 0.0203125 0.028125
6 0.64921875 0.4171875 0.0203125 0.028125
6 0.66796875 0.415625 0.0203125 0.0296875
5 0.70625 0.484375 0.025 0.0140625
5 0.66328125 0.48671875 0.025 0.015625
5 0.53515625 0.496875 0.025 0.0171875
5 0.49296875 0.5 0.025 0.0140625
5 0.35625 0.49765625 0.0109375 0.0359375
5 0.35390625 0.44375 0.0109375 0.0359375
6 0.5859375 0.40234375 0.0171875 0.0265625
6 0.6015625 0.4015625 0.01875 0.025
2 0.2734375 0.5515625 0.025 0.03125
11 0.74765625 0.4359375 0.0109375 0.0328125
11 0.74609375 0.41015625 0.009375 0.021875
11 0.74453125 0.38984375 0.009375 0.021875
11 0.76875 0.434375 0.0109375 0.03125
11 0.7671875 0.40859375 0.009375 0.0203125
11 0.765625 0.38828125 0.009375 0.021875
6 0.4140625 0.41328125 0.01875 0.0265625
6 0.43046875 0.41328125 0.01875 0.025