6 0.32421875 0.790625 0.03203125 0.0578125
6 0.32421875 0.8453125 0.0328125 0.059375
6 0.29453125 0.8453125 0.03359375 0.0609375
6 0.29453125 0.79140625 0.03828125 0.0609375
6 0.24140625 0.78984375 0.03125 0.0578125
6 0.21015625 0.790625 0.03359375 0.05859375
6 0.209375 0.84609375 0.0328125 0.059375
6 0.240625 0.8453125 0.03125 0.05859375
6 0.14921875 0.828125 0.04296875 0.04609375
6 0.14921875 0.7875 0.04375 0.04609375
6 0.1109375 0.7828125 0.04375 0.05234375
6 0.1109375 0.82421875 0.04375 0.04765625
6 0.15546875 0.68125 0.034375 0.06875
6 0.12578125 0.67265625 0.0328125 0.05859375
6 0.15703125 0.6203125 0.0359375 0.059375
6 0.12890625 0.61796875 0.0359375 0.059375
6 0.16171875 0.56640625 0.03671875 0.05859375
6 0.13125 0.5640625 0.0328125 0.06015625
6 0.16484375 0.51015625 0.0375 0.0625
6 0.134375 0.51015625 0.0359375 0.0625
6 0.17109375 0.4234375 0.046875 0.04765625
6 0.1734375 0.37734375 0.04375 0.053125
6 0.13203125 0.37265625 0.04375 0.0546875
6 0.13359375 0.41484375 0.04453125 0.04765625
5 0.21875 0.525 0.02578125 0.034375
5 0.3484375 0.3734375 0.02265625 0.034375
1 0.29375 0.35546875 0.08125 0.0796875
2 0.39609375 0.36796875 0.0671875 0.07734375
2 0.45 0.26953125 0.10625 0.10234375
3 0.1828125 0.24296875 0.05859375 0.115625
3 0.30703125 0.53828125 0.125 0.08125
6 0.325 0.65234375 0.0421875 0.05703125
6 0.2703125 0.66640625 0.04296875 0.06015625
5 0.3453125 0.72109375 0.0265625 0.03125
5 0.2109375 0.72109375 0.025 0.0359375
5 0.2125 0.68828125 0.02578125 0.03125
5 0.53984375 0.41875 0.04453125 0.05703125
5 0.5578125 0.29921875 0.02109375 0.02578125
5 0.53203125 0.04453125 0.0234375 0.03046875
5 0.55078125 0.02578125 0.02109375 0.02421875
5 0.83515625 0.16171875 0.09375 0.0453125
5 0.871875 0.11640625 0.0421875 0.05703125
5 0.9203125 0.0609375 0.06328125 0.07578125
5 0.715625 0.0734375 0.021875 0.025
10 0.696875 0.2546875 0.03671875 0.04765625
10 0.6171875 0.25234375 0.03671875 0.046875
10 0.61953125 0.38359375 0.0328125 0.04609375
2 0.640625 0.30703125 0.06484375 0.07890625
2 0.56875 0.30625 0.04296875 0.109375
7 0.59375 0.53828125 0.04296875 0.05859375
2 0.4046875 0.74921875 0.07890625 0.10078125
9 0.30546875 0.23203125 0.02421875 0.07578125