6 0.63359375 0.1875 0.0390625 0.0609375
6 0.62578125 0.13359375 0.040625 0.0640625
6 0.65546875 0.1296875 0.0421875 0.065625
6 0.66328125 0.1828125 0.046875 0.065625
6 0.715625 0.17734375 0.0390625 0.0609375
6 0.746875 0.171875 0.0421875 0.0625
6 0.73984375 0.1171875 0.040625 0.0640625
6 0.70859375 0.121875 0.0390625 0.0625
6 0.8015625 0.1265625 0.0484375 0.0515625
6 0.80703125 0.16640625 0.05 0.0515625
6 0.84609375 0.165625 0.05 0.0578125
6 0.83984375 0.125 0.05 0.053125
6 0.815625 0.27265625 0.04375 0.0734375
6 0.846875 0.2765625 0.040625 0.0625
6 0.82265625 0.3328125 0.04375 0.0640625
6 0.85078125 0.33125 0.04375 0.0640625
6 0.82578125 0.3875 0.04375 0.0625
6 0.85625 0.38515625 0.040625 0.0640625
6 0.83046875 0.44296875 0.0453125 0.0671875
6 0.8609375 0.4390625 0.04375 0.0671875
6 0.83671875 0.5296875 0.053125 0.053125
6 0.840625 0.57578125 0.05 0.059375
6 0.88203125 0.575 0.0515625 0.0609375
6 0.875 0.53359375 0.05 0.053125
5 0.775 0.4359375 0.0296875 0.0375
5 0.66796875 0.60390625 0.0265625 0.0375
1 0.72421875 0.6140625 0.0921875 0.090625
2 0.62109375 0.61640625 0.0765625 0.0859375
2 0.58125 0.72109375 0.11875 0.115625
3 0.85 0.71015625 0.0734375 0.121875
3 0.6859375 0.43515625 0.134375 0.0984375
6 0.65234375 0.325 0.05 0.0625
6 0.70390625 0.303125 0.0515625 0.065625
5 0.62265625 0.259375 0.03125 0.034375
5 0.75546875 0.240625 0.0296875 0.0390625
5 0.75859375 0.2734375 0.0296875 0.034375
5 0.471875 0.5859375 0.0515625 0.0625
5 0.4703125 0.70703125 0.025 0.028125
5 0.53203125 0.95546875 0.028125 0.0328125
5 0.515625 0.9765625 0.025 0.0265625
5 0.21484375 0.88125 0.0984375 0.0578125
5 0.18515625 0.93125 0.05 0.0625
5 0.14453125 0.975 0.0734375 0.05
5 0.34609375 0.95234375 0.025 0.028125
10 0.3390625 0.7703125 0.04375 0.0515625
10 0.41875 0.76171875 0.0421875 0.0515625
10 0.39765625 0.63203125 0.0390625 0.05
2 0.3875 0.7109375 0.075 0.0875
2 0.45859375 0.7015625 0.0578125 0.1140625
7 0.4015625 0.475 0.05 0.0640625
2 0.559375 0.23984375 0.0921875 0.1109375
9 0.7296875 0.73828125 0.034375 0.078125