6 0.60625 0.82265625 0.04375 0.0640625
6 0.59375 0.87578125 0.0453125 0.065625
6 0.62265625 0.8828125 0.046875 0.0671875
6 0.634375 0.83046875 0.0515625 0.06875
6 0.68671875 0.840625 0.04375 0.0640625
6 0.7171875 0.8484375 0.0453125 0.0640625
6 0.70546875 0.90234375 0.0453125 0.065625
6 0.675 0.89453125 0.04375 0.0640625
6 0.76796875 0.8984375 0.0515625 0.0546875
6 0.77734375 0.859375 0.053125 0.0546875
6 0.815625 0.86328125 0.0546875 0.0609375
6 0.80625 0.903125 0.053125 0.05625
6 0.7953125 0.75390625 0.0484375 0.075
6 0.82578125 0.75234375 0.0453125 0.0640625
6 0.80703125 0.69453125 0.0484375 0.065625
6 0.83515625 0.6984375 0.0484375 0.065625
6 0.81484375 0.640625 0.0484375 0.065625
6 0.84453125 0.6453125 0.0453125 0.065625
6 0.82421875 0.58515625 0.05 0.06875
6 0.85390625 0.5921875 0.0484375 0.06875
6 0.8375 0.49921875 0.05625 0.05625
6 0.84609375 0.45390625 0.0546875 0.0609375
6 0.8875 0.45859375 0.0546875 0.0625
6 0.87578125 0.49921875 0.0546875 0.05625
5 0.76875 0.5875 0.0328125 0.0390625
5 0.67578125 0.4109375 0.0296875 0.0390625
1 0.73359375 0.40546875 0.096875 0.0953125
2 0.63125 0.39453125 0.0828125 0.090625
2 0.60078125 0.28671875 0.1265625 0.1234375
3 0.8671875 0.32109375 0.0828125 0.1265625
3 0.6796875 0.58046875 0.140625 0.1078125
6 0.6359375 0.6875 0.0546875 0.065625
6 0.68671875 0.7140625 0.0546875 0.06875
5 0.60078125 0.75 0.0328125 0.0359375
5 0.73203125 0.78046875 0.0328125 0.040625
5 0.7375 0.7484375 0.0328125 0.0359375
5 0.4796875 0.41171875 0.05625 0.065625
5 0.4890625 0.29140625 0.0265625 0.0296875
5 0.57109375 0.04921875 0.0296875 0.034375
5 0.55703125 0.0265625 0.0265625 0.028125
5 0.24921875 0.0953125 0.1015625 0.065625
5 0.22421875 0.04296875 0.0546875 0.065625
5 0.1890625 0.01015625 0.078125 0.0203125
5 0.3859375 0.0359375 0.0265625 0.0296875
10 0.36328125 0.21640625 0.046875 0.0546875
10 0.44140625 0.23203125 0.046875 0.0546875
10 0.409375 0.359375 0.0421875 0.0515625
2 0.40625 0.28046875 0.08125 0.0921875
2 0.4765625 0.29609375 0.0671875 0.115625
7 0.4 0.51640625 0.0546875 0.0671875
2 0.53671875 0.7640625 0.1 0.115625
9 0.75 0.2828125 0.040625 0.0796875