10 0.48515625 0.3859375 0.0671875 0.0953125
3 0.26484375 0.38671875 0.0734375 0.06953125
3 0.7015625 0.37265625 0.0828125 0.10625
3 0.70390625 0.62265625 0.065625 0.0859375
2 0.603125 0.3859375 0.11171875 0.14296875
6 0.1171875 0.35234375 0.046875 0.0671875
6 0.11640625 0.4171875 0.05 0.07109375
6 0.19140625 0.58359375 0.05078125 0.0734375
6 0.2421875 0.58046875 0.0515625 0.065625
6 0.19140625 0.6671875 0.05 0.0703125
6 0.240625 0.6671875 0.0484375 0.06328125
6 0.315625 0.66484375 0.0484375 0.0703125
6 0.3625 0.6640625 0.05 0.0734375
6 0.3140625 0.58203125 0.04921875 0.06640625
6 0.359375 0.58125 0.0421875 0.06953125
6 0.49453125 0.6640625 0.05 0.07578125
6 0.54296875 0.6609375 0.04765625 0.06953125
9 0.11796875 0.61484375 0.04375 0.14453125
1 0.76875 0.35546875 0.03125 0.10234375
6 0.38828125 0.3421875 0.05 0.08046875
6 0.33828125 0.340625 0.04921875 0.078125
5 0.5640625 0.59140625 0.0203125 0.03125
5 0.21796875 0.5390625 0.06640625 0.028125
5 0.33984375 0.540625 0.06953125 0.028125
5 0.21640625 0.62421875 0.06953125 0.028125
11 0.4703125 0.59453125 0.0109375 0.0515625
3 0.63671875 0.62109375 0.06875 0.0859375