10 0.503125 0.38515625 0.08125 0.1046875
3 0.28515625 0.3515625 0.0828125 0.0796875
3 0.71875 0.40546875 0.0984375 0.1171875
3 0.68203125 0.653125 0.078125 0.0953125
2 0.61953125 0.403125 0.1328125 0.159375
6 0.1453125 0.29453125 0.05625 0.0734375
6 0.134375 0.3578125 0.0609375 0.078125
6 0.18203125 0.534375 0.0609375 0.08125
6 0.2328125 0.5390625 0.0609375 0.0734375
6 0.16875 0.6171875 0.0609375 0.0765625
6 0.21796875 0.62421875 0.0578125 0.0703125
6 0.2921875 0.63359375 0.059375 0.0765625
6 0.33828125 0.640625 0.0609375 0.0796875
6 0.30390625 0.5515625 0.059375 0.0734375
6 0.3484375 0.55859375 0.053125 0.075
6 0.46875 0.6609375 0.0609375 0.0828125
6 0.5171875 0.665625 0.0578125 0.0765625
9 0.1046875 0.55390625 0.065625 0.15
1 0.78828125 0.39921875 0.046875 0.10625
6 0.4140625 0.3265625 0.0625 0.0875
6 0.36484375 0.3171875 0.0609375 0.084375
5 0.54921875 0.6 0.025 0.034375
5 0.215625 0.49453125 0.0703125 0.0375
5 0.33515625 0.51484375 0.0734375 0.0390625
5 0.20078125 0.578125 0.0734375 0.0390625
11 0.45625 0.5890625 0.01875 0.053125
3 0.61640625 0.640625 0.08125 0.0953125