10 0.5421875 0.60703125 0.0875 0.109375
3 0.75546875 0.553125 0.0875 0.0859375
3 0.33515625 0.67265625 0.10625 0.1234375
3 0.27265625 0.43046875 0.084375 0.1
2 0.42734375 0.6359375 0.14375 0.165625
6 0.90703125 0.55078125 0.0625 0.0765625
6 0.8921875 0.4875 0.065625 0.08125
6 0.77890625 0.34453125 0.0671875 0.0828125
6 0.73046875 0.359375 0.065625 0.0765625
6 0.75859375 0.26328125 0.065625 0.0796875
6 0.7109375 0.275 0.0625 0.0734375
6 0.6390625 0.2953125 0.0640625 0.0796875
6 0.59375 0.3078125 0.065625 0.0828125
6 0.6609375 0.37578125 0.0640625 0.0765625
6 0.61640625 0.3875 0.0578125 0.078125
6 0.465625 0.33984375 0.0671875 0.0859375
6 0.41953125 0.35390625 0.0625 0.0796875
9 0.84296875 0.29609375 0.078125 0.1515625
1 0.27421875 0.70546875 0.0546875 0.10625
6 0.646875 0.62578125 0.06875 0.090625
6 0.6953125 0.615625 0.0671875 0.0875
5 0.415625 0.4265625 0.0265625 0.0359375
5 0.7640625 0.39375 0.071875 0.04375
5 0.6453125 0.421875 0.075 0.04375
5 0.7453125 0.3109375 0.075 0.04375
11 0.50625 0.40078125 0.0234375 0.053125
3 0.33828125 0.415625 0.0875 0.1