3 0.38203125 0.275 0.0515625 0.08125
9 0.44296875 0.28203125 0.0328125 0.0609375
9 0.4125 0.19609375 0.0296875 0.0375
5 0.42734375 0.23203125 0.0234375 0.03125
11 0.425 0.51953125 0.0359375 0.0484375
3 0.365625 0.7109375 0.0640625 0.0890625
11 0.3203125 0.65703125 0.0375 0.0359375
11 0.353125 0.63125 0.0359375 0.0375
6 0.31484375 0.26015625 0.0359375 0.0484375
6 0.2390625 0.3625 0.0375 0.0515625
6 0.2484375 0.3921875 0.0390625 0.0484375
6 0.21875 0.4140625 0.0390625 0.0484375
6 0.21015625 0.38359375 0.0390625 0.05
6 0.296875 0.45078125 0.0328125 0.05
6 0.271875 0.46796875 0.034375 0.05
6 0.2484375 0.4875 0.034375 0.0484375
6 0.30546875 0.4796875 0.034375 0.0484375
6 0.28125 0.49921875 0.034375 0.0484375
6 0.25703125 0.515625 0.034375 0.0484375
6 0.34296875 0.5515625 0.0390625 0.0515625
6 0.3515625 0.5796875 0.0390625 0.0484375
6 0.3234375 0.60078125 0.0390625 0.05
6 0.315625 0.571875 0.0375 0.0515625
6 0.28671875 0.59375 0.0390625 0.0484375
6 0.29609375 0.62265625 0.0375 0.0484375
11 0.22734375 0.3140625 0.0375 0.0375
11 0.1953125 0.33828125 0.0375 0.0375
3 0.31640625 0.3234375 0.059375 0.0734375