3 0.3859375 0.27265625 0.05 0.08046875
9 0.446875 0.28125 0.03125 0.0609375
9 0.41796875 0.19453125 0.02890625 0.0375
5 0.43203125 0.23046875 0.0234375 0.03046875
11 0.425 0.51796875 0.03515625 0.0484375
3 0.36171875 0.70859375 0.0625 0.0875
11 0.31796875 0.65390625 0.03671875 0.0359375
11 0.35078125 0.62890625 0.0359375 0.03671875
6 0.31875 0.25703125 0.034375 0.04765625
6 0.24140625 0.3578125 0.03671875 0.05078125
6 0.25 0.3875 0.0375 0.0484375
6 0.2203125 0.409375 0.0375 0.0484375
6 0.2125 0.37890625 0.0375 0.04921875
6 0.29765625 0.446875 0.03203125 0.04921875
6 0.27265625 0.4640625 0.03359375 0.04921875
6 0.2484375 0.4828125 0.03359375 0.04765625
6 0.30546875 0.4765625 0.0328125 0.0484375
6 0.28125 0.4953125 0.0328125 0.04765625
6 0.25703125 0.51171875 0.0328125 0.0484375
6 0.3421875 0.5484375 0.03828125 0.05078125
6 0.35 0.57734375 0.0375 0.0484375
6 0.321875 0.59765625 0.0375 0.04921875
6 0.3140625 0.56875 0.03671875 0.05078125
6 0.28515625 0.58984375 0.0375 0.0484375
6 0.29375 0.61875 0.0359375 0.04765625
11 0.23046875 0.309375 0.0375 0.03671875
11 0.1984375 0.3328125 0.03671875 0.03671875
3 0.31953125 0.3203125 0.0578125 0.071875