3 0.40625 0.26328125 0.05625 0.084375
9 0.46640625 0.27734375 0.0359375 0.0640625
9 0.44453125 0.18828125 0.0328125 0.040625
5 0.45546875 0.22578125 0.0265625 0.0328125
11 0.4234375 0.51171875 0.0390625 0.0515625
3 0.34375 0.69609375 0.0703125 0.0921875
11 0.30546875 0.6375 0.0390625 0.0390625
11 0.33984375 0.615625 0.0390625 0.0390625
6 0.340625 0.2421875 0.0390625 0.05
6 0.2546875 0.3359375 0.040625 0.053125
6 0.2609375 0.36640625 0.0421875 0.0515625
6 0.22890625 0.38515625 0.0421875 0.0515625
6 0.22421875 0.3546875 0.0421875 0.0515625
6 0.303125 0.4296875 0.0359375 0.0515625
6 0.2765625 0.44453125 0.0375 0.0515625
6 0.25078125 0.4609375 0.0375 0.05
6 0.30859375 0.459375 0.0375 0.0515625
6 0.2828125 0.4765625 0.0375 0.05
6 0.25703125 0.490625 0.0375 0.0515625
6 0.33828125 0.534375 0.0421875 0.0546875
6 0.34375 0.5640625 0.0421875 0.0515625
6 0.3140625 0.58203125 0.0421875 0.0515625
6 0.30859375 0.55234375 0.040625 0.053125
6 0.278125 0.57109375 0.0421875 0.0515625
6 0.284375 0.6 0.040625 0.05
11 0.2484375 0.28671875 0.040625 0.040625
11 0.2140625 0.30703125 0.0390625 0.0390625
3 0.3359375 0.30546875 0.0640625 0.0765625