6 0.16015625 0.8125 0.0234375 0.0296875
6 0.15546875 0.79296875 0.025 0.028125
6 0.15078125 0.76953125 0.025 0.0328125
6 0.13671875 0.7734375 0.025 0.034375
6 0.14140625 0.79609375 0.0234375 0.028125
6 0.14609375 0.815625 0.0234375 0.028125
6 0.21015625 0.80078125 0.025 0.028125
6 0.20546875 0.78125 0.025 0.028125
6 0.20078125 0.759375 0.0265625 0.034375
6 0.18515625 0.7625 0.0234375 0.034375
6 0.190625 0.784375 0.021875 0.0265625
6 0.1953125 0.80390625 0.021875 0.028125
6 0.2421875 0.79453125 0.0234375 0.028125
6 0.2578125 0.790625 0.021875 0.0296875
6 0.253125 0.76953125 0.0234375 0.028125
6 0.23828125 0.77265625 0.0234375 0.028125
6 0.23359375 0.7515625 0.025 0.0328125
6 0.24765625 0.74765625 0.0234375 0.0328125
6 0.2953125 0.73671875 0.0234375 0.0328125
6 0.28125 0.73984375 0.0234375 0.034375
6 0.30078125 0.759375 0.021875 0.028125
6 0.30546875 0.7796875 0.021875 0.0265625
6 0.29140625 0.7828125 0.021875 0.0265625
6 0.28671875 0.7625 0.021875 0.028125
6 0.353125 0.76796875 0.0234375 0.0296875
6 0.3484375 0.74609375 0.025 0.034375
6 0.33359375 0.74921875 0.025 0.0359375
6 0.3390625 0.77109375 0.0234375 0.028125
6 0.38125 0.759375 0.0234375 0.034375
3 0.40703125 0.75234375 0.0265625 0.04375
6 0.428125 0.7234375 0.021875 0.03125
6 0.4328125 0.7484375 0.0234375 0.0328125
6 0.44921875 0.7453125 0.0234375 0.0328125
6 0.44375 0.71953125 0.0234375 0.03125
11 0.42109375 0.75390625 0.0125 0.028125
11 0.4625 0.74453125 0.0109375 0.0265625
9 0.41484375 0.72109375 0.0140625 0.028125
9 0.45390625 0.7125 0.015625 0.0265625
11 0.36328125 0.72578125 0.0125 0.028125
11 0.30703125 0.7 0.0125 0.028125
9 0.32109375 0.690625 0.0234375 0.0171875
9 0.27421875 0.7015625 0.025 0.0171875
9 0.225 0.7015625 0.025 0.01875
9 0.175 0.71171875 0.0234375 0.01875
9 0.12265625 0.71796875 0.025 0.0203125
3 0.22890625 0.59296875 0.05625 0.1
3 0.18359375 0.6296875 0.04375 0.0484375
3 0.1734375 0.5796875 0.04375 0.046875
8 0.14375 0.65703125 0.021875 0.0265625
8 0.11953125 0.66171875 0.0203125 0.028125
8 0.125 0.5734375 0.0203125 0.025
8 0.10390625 0.5796875 0.021875 0.0265625
3 0.33203125 0.5953125 0.0359375 0.04375
11 0.271875 0.584375 0.03125 0.1
9 0.26796875 0.68203125 0.03125 0.021875
2 0.3734375 0.66953125 0.021875 0.0390625
2 0.39453125 0.66484375 0.01875 0.0375
2 0.40234375 0.6640625 0.01875 0.0375
2 0.42265625 0.65859375 0.0203125 0.0421875
2 0.4734375 0.671875 0.05625 0.0625
2 0.48359375 0.7265625 0.05 0.059375
2 0.58515625 0.70234375 0.05 0.059375
2 0.56875 0.64921875 0.0578125 0.0609375
1 0.5375 0.72890625 0.053125 0.03125
6 0.68828125 0.68984375 0.021875 0.03125
6 0.68203125 0.6640625 0.0234375 0.0328125
6 0.6578125 0.66953125 0.021875 0.03125
6 0.66328125 0.69453125 0.0234375 0.03125
6 0.63984375 0.70078125 0.021875 0.03125
6 0.634375 0.67421875 0.021875 0.03125
6 0.61953125 0.67734375 0.021875 0.0328125
6 0.625 0.70390625 0.021875 0.03125
11 0.61171875 0.70859375 0.0140625 0.028125
11 0.65390625 0.69921875 0.0140625 0.028125
11 0.6765625 0.6921875 0.0140625 0.0296875
11 0.70078125 0.68671875 0.0140625 0.028125
11 0.73203125 0.59765625 0.0140625 0.03125
11 0.78046875 0.58828125 0.0140625 0.0328125
11 0.82421875 0.56484375 0.015625 0.0296875
9 0.60625 0.6796875 0.0171875 0.028125
2 0.61171875 0.615625 0.01875 0.0359375
2 0.6359375 0.60859375 0.028125 0.0375
2 0.66015625 0.60390625 0.0203125 0.0375
9 0.71328125 0.58046875 0.0265625 0.0203125
9 0.80546875 0.54609375 0.028125 0.0203125
9 0.8078125 0.56328125 0.0234375 0.01875
9 0.76171875 0.5859375 0.025 0.0203125
9 0.71484375 0.5984375 0.0234375 0.01875
6 0.740625 0.67734375 0.0234375 0.0328125
6 0.71640625 0.6796875 0.025 0.040625
6 0.759375 0.63359375 0.021875 0.0265625
6 0.775 0.628125 0.0234375 0.028125
6 0.7796875 0.6484375 0.0234375 0.0265625
6 0.78359375 0.66953125 0.0234375 0.028125
6 0.7703125 0.67265625 0.0234375 0.0296875
6 0.7640625 0.65390625 0.0234375 0.0265625
6 0.81640625 0.66171875 0.0234375 0.0296875
6 0.83125 0.65859375 0.0234375 0.0265625
6 0.8265625 0.6375 0.025 0.0296875
6 0.81171875 0.64140625 0.0234375 0.0265625
6 0.80703125 0.621875 0.0234375 0.028125
6 0.82265625 0.61875 0.0234375 0.028125
6 0.81796875 0.59921875 0.0234375 0.028125
6 0.80234375 0.60234375 0.0234375 0.0265625
11 0.76796875 0.6171875 0.0125 0.0125
11 0.759375 0.61875 0.0140625 0.0125
11 0.8015625 0.58828125 0.0140625 0.0140625
11 0.8109375 0.5859375 0.0125 0.0109375
11 0.8546875 0.57578125 0.0265625 0.0140625
11 0.90234375 0.56484375 0.0234375 0.0140625
11 0.9515625 0.553125 0.021875 0.0125
6 0.85078125 0.590625 0.0234375 0.028125
6 0.86484375 0.5875 0.025 0.0265625
6 0.8703125 0.60625 0.025 0.028125
6 0.8546875 0.61015625 0.0265625 0.028125
6 0.875 0.62734375 0.025 0.028125
6 0.87890625 0.64609375 0.025 0.0296875
6 0.86484375 0.65 0.0234375 0.0296875
6 0.86015625 0.63125 0.025 0.028125
6 0.91171875 0.63984375 0.0265625 0.0328125
6 0.92578125 0.6359375 0.025 0.03125
6 0.921875 0.6140625 0.0234375 0.0296875
6 0.90703125 0.62109375 0.025 0.0296875
6 0.9171875 0.596875 0.025 0.0265625
6 0.91328125 0.57734375 0.0234375 0.0265625
6 0.89921875 0.5796875 0.0234375 0.0265625
6 0.9015625 0.6 0.025 0.028125
6 0.959375 0.62890625 0.0265625 0.03125
6 0.95390625 0.60859375 0.0265625 0.03125
6 0.94921875 0.5890625 0.0265625 0.0296875
6 0.94453125 0.56875 0.0265625 0.028125
6 0.9625 0.565625 0.021875 0.0265625
6 0.96796875 0.584375 0.0203125 0.028125
6 0.971875 0.6046875 0.021875 0.028125
6 0.9765625 0.625 0.021875 0.0296875
9 0.959375 0.5296875 0.025 0.01875
9 0.90234375 0.54140625 0.025 0.0203125
9 0.8546875 0.55390625 0.0203125 0.0171875
11 0.871875 0.55546875 0.0125 0.0296875
11 0.91953125 0.54453125 0.0140625 0.03125
11 0.925 0.5421875 0.0125 0.03125
3 0.71953125 0.50703125 0.028125 0.04375
3 0.68984375 0.51484375 0.0265625 0.040625
3 0.79140625 0.49609375 0.04375 0.046875
3 0.77734375 0.43359375 0.0421875 0.05
3 0.83046875 0.42734375 0.0546875 0.0515625
3 0.84140625 0.47734375 0.05 0.05
11 0.64609375 0.4984375 0.040625 0.128125
2 0.90234375 0.4765625 0.03125 0.0390625
2 0.928125 0.47109375 0.03125 0.0390625
2 0.91015625 0.396875 0.028125 0.0375
2 0.8859375 0.40390625 0.0296875 0.0390625
6 0.9 0.3 0.0234375 0.028125
6 0.8953125 0.2796875 0.025 0.028125
6 0.890625 0.26015625 0.025 0.0296875
6 0.88671875 0.23984375 0.025 0.03125
6 0.88515625 0.30390625 0.0234375 0.028125
6 0.88046875 0.28203125 0.0234375 0.028125
6 0.87578125 0.2640625 0.0234375 0.028125
6 0.871875 0.24453125 0.0234375 0.0265625
6 0.8515625 0.3109375 0.0234375 0.028125
6 0.846875 0.290625 0.0234375 0.0296875
6 0.8421875 0.27109375 0.025 0.028125
6 0.8375 0.2515625 0.025 0.03125
6 0.8234375 0.25546875 0.0234375 0.028125
6 0.82734375 0.27421875 0.0234375 0.0265625
6 0.8328125 0.29453125 0.0234375 0.028125
6 0.83671875 0.3140625 0.025 0.028125
11 0.84765625 0.3265625 0.021875 0.015625
11 0.8953125 0.315625 0.0234375 0.0140625
11 0.8 0.33671875 0.025 0.015625
11 0.75234375 0.34765625 0.0234375 0.0140625
11 0.77734375 0.359375 0.0125 0.028125
11 0.825 0.346875 0.0125 0.028125
11 0.87109375 0.3375 0.0125 0.0265625
11 0.878125 0.33671875 0.0125 0.0265625
11 0.72890625 0.36953125 0.0125 0.028125
11 0.7 0.3375 0.025 0.0140625
6 0.703125 0.32265625 0.025 0.028125
6 0.6984375 0.30234375 0.025 0.028125
6 0.69375 0.28359375 0.025 0.0296875
6 0.6796875 0.2859375 0.021875 0.0296875
6 0.684375 0.30625 0.0234375 0.028125
6 0.6890625 0.3265625 0.025 0.0296875
6 0.75546875 0.3328125 0.0234375 0.0265625
6 0.7515625 0.3140625 0.0234375 0.028125
6 0.746875 0.29375 0.025 0.028125
6 0.7421875 0.27421875 0.025 0.0265625
6 0.728125 0.27734375 0.0234375 0.028125
6 0.7328125 0.296875 0.0234375 0.0265625
6 0.7375 0.31640625 0.025 0.0296875
6 0.74140625 0.3359375 0.021875 0.0265625
6 0.78828125 0.325 0.021875 0.028125
6 0.8046875 0.321875 0.021875 0.0265625
6 0.79921875 0.3015625 0.021875 0.028125
6 0.7953125 0.28359375 0.0234375 0.0296875
6 0.790625 0.26171875 0.021875 0.0296875
6 0.77578125 0.265625 0.0234375 0.028125
6 0.78125 0.28671875 0.0234375 0.028125
6 0.784375 0.30546875 0.0234375 0.0296875
9 0.85703125 0.34609375 0.025 0.0171875
9 0.90703125 0.3328125 0.025 0.01875
9 0.809375 0.35703125 0.025 0.01875
9 0.76328125 0.36796875 0.0234375 0.0171875
9 0.71484375 0.3796875 0.0234375 0.01875
2 0.575 0.4046875 0.0296875 0.025
2 0.615625 0.396875 0.0296875 0.025
2 0.66875 0.38828125 0.0265625 0.0203125
2 0.52265625 0.4140625 0.034375 0.0390625
2 0.46328125 0.3640625 0.13125 0.0984375
7 0.528125 0.3234375 0.021875 0.03125
7 0.553125 0.3171875 0.0234375 0.0328125
7 0.57578125 0.31171875 0.0234375 0.034375
9 0.59296875 0.33828125 0.0140625 0.03125
9 0.56875 0.34375 0.0171875 0.03125
9 0.5453125 0.3484375 0.015625 0.03125
6 0.65859375 0.290625 0.021875 0.0265625
6 0.64375 0.2953125 0.021875 0.0265625
2 0.4125 0.434375 0.021875 0.040625
2 0.3890625 0.44140625 0.028125 0.0453125
2 0.36328125 0.44765625 0.021875 0.040625
9 0.31796875 0.46640625 0.028125 0.021875
9 0.22578125 0.50625 0.0328125 0.025
6 0.384375 0.353125 0.021875 0.0265625
6 0.38828125 0.37265625 0.0203125 0.025
6 0.3453125 0.36640625 0.025 0.0375
3 0.36875 0.36171875 0.0234375 0.0390625
6 0.3125 0.371875 0.0234375 0.028125
6 0.31640625 0.39140625 0.025 0.0265625
6 0.30234375 0.39453125 0.0234375 0.0265625
6 0.29765625 0.375 0.025 0.0265625
11 0.31171875 0.4078125 0.021875 0.015625
11 0.33203125 0.36875 0.0140625 0.0296875
11 0.3984375 0.359375 0.0125 0.028125
9 0.315625 0.4453125 0.025 0.0171875
11 0.29921875 0.44375 0.0125 0.028125
9 0.27109375 0.47421875 0.0265625 0.021875
9 0.22421875 0.4859375 0.0265625 0.01875
9 0.178125 0.49765625 0.025 0.0171875
9 0.12890625 0.50859375 0.025 0.0171875
11 0.26953125 0.4375 0.025 0.015625
11 0.221875 0.4515625 0.0265625 0.0171875
11 0.17890625 0.48203125 0.025 0.015625
11 0.13125 0.4921875 0.0234375 0.0140625
11 0.08125 0.503125 0.0234375 0.0140625
6 0.134375 0.475 0.0234375 0.0265625
6 0.1296875 0.45625 0.0234375 0.028125
6 0.12578125 0.4375 0.0234375 0.0296875
6 0.12109375 0.4171875 0.0234375 0.028125
6 0.11953125 0.47890625 0.021875 0.028125
6 0.115625 0.4609375 0.021875 0.0265625
6 0.271875 0.42265625 0.0234375 0.028125
6 0.26796875 0.40390625 0.025 0.0296875
6 0.2640625 0.38359375 0.025 0.0296875
6 0.24921875 0.3875 0.021875 0.028125
6 0.25390625 0.4078125 0.021875 0.028125
6 0.25859375 0.42578125 0.0234375 0.0265625
6 0.225 0.43359375 0.025 0.028125
6 0.2203125 0.4140625 0.025 0.03125
6 0.2171875 0.3953125 0.025 0.0296875
6 0.20234375 0.39765625 0.0234375 0.028125
6 0.2078125 0.41796875 0.0234375 0.0296875
6 0.21171875 0.4375 0.0234375 0.0296875
6 0.18203125 0.465625 0.0234375 0.028125
6 0.178125 0.4453125 0.0234375 0.028125
6 0.1734375 0.42578125 0.0234375 0.0296875
6 0.16875 0.40546875 0.025 0.0296875
6 0.15390625 0.409375 0.0234375 0.0296875
6 0.15859375 0.42890625 0.0234375 0.0296875
6 0.16328125 0.44921875 0.0234375 0.028125
6 0.16796875 0.4703125 0.021875 0.028125
6 0.1109375 0.43984375 0.025 0.0296875
6 0.10625 0.41875 0.025 0.0296875
6 0.071875 0.428125 0.021875 0.028125
6 0.0765625 0.446875 0.021875 0.0265625
6 0.08046875 0.46875 0.025 0.0265625
6 0.0859375 0.48671875 0.0234375 0.0265625
6 0.07109375 0.490625 0.021875 0.0265625
6 0.065625 0.47109375 0.0234375 0.0265625
6 0.06171875 0.45234375 0.0234375 0.025
6 0.05703125 0.43125 0.0234375 0.0265625
11 0.10859375 0.51875 0.0140625 0.0296875
11 0.1125 0.50546875 0.0125 0.028125
11 0.1609375 0.49609375 0.0125 0.0265625
11 0.2078125 0.48515625 0.015625 0.03125
11 0.2546875 0.4734375 0.0125 0.0296875
9 0.075 0.53125 0.028125 0.0203125