6 0.14921875 0.19921875 0.0234375 0.028125
6 0.1453125 0.21953125 0.0234375 0.028125
6 0.14140625 0.2421875 0.025 0.0328125
6 0.12734375 0.23984375 0.0234375 0.0328125
6 0.13203125 0.21640625 0.021875 0.028125
6 0.13515625 0.196875 0.021875 0.0265625
6 0.2 0.209375 0.0234375 0.028125
6 0.19609375 0.22890625 0.0234375 0.028125
6 0.19140625 0.2515625 0.025 0.034375
6 0.1765625 0.2484375 0.0234375 0.034375
6 0.18046875 0.2265625 0.0203125 0.0265625
6 0.18515625 0.20703125 0.021875 0.028125
6 0.23203125 0.21484375 0.0234375 0.028125
6 0.24765625 0.21796875 0.021875 0.028125
6 0.24375 0.2390625 0.021875 0.028125
6 0.22890625 0.23671875 0.0234375 0.028125
6 0.225 0.2578125 0.0234375 0.03125
6 0.2390625 0.26171875 0.0234375 0.03125
6 0.2875 0.27109375 0.021875 0.0328125
6 0.27265625 0.26796875 0.0234375 0.034375
6 0.2921875 0.24765625 0.021875 0.0265625
6 0.29609375 0.22734375 0.021875 0.0265625
6 0.28125 0.22421875 0.0203125 0.0265625
6 0.27734375 0.2453125 0.021875 0.0265625
6 0.34375 0.2375 0.021875 0.028125
6 0.33984375 0.259375 0.025 0.0328125
6 0.325 0.25703125 0.0234375 0.034375
6 0.3296875 0.234375 0.021875 0.0265625
6 0.371875 0.2453125 0.0234375 0.034375
3 0.39765625 0.25078125 0.025 0.04375
6 0.4203125 0.27890625 0.0203125 0.03125
6 0.42421875 0.25390625 0.021875 0.0328125
6 0.440625 0.25703125 0.0234375 0.0328125
6 0.43671875 0.28203125 0.0234375 0.0296875
11 0.41171875 0.24921875 0.0109375 0.028125
11 0.45390625 0.25703125 0.0109375 0.0265625
9 0.40703125 0.28203125 0.0125 0.028125
9 0.44609375 0.2890625 0.0140625 0.0265625
11 0.35546875 0.2796875 0.0125 0.028125
11 0.3 0.30703125 0.0125 0.028125
9 0.31484375 0.315625 0.0234375 0.0171875
9 0.2671875 0.30703125 0.025 0.0171875
9 0.21796875 0.30859375 0.0234375 0.01875
9 0.16796875 0.29921875 0.021875 0.0171875
9 0.115625 0.2953125 0.025 0.01875
3 0.22578125 0.41640625 0.0546875 0.0984375
3 0.17890625 0.38125 0.04375 0.046875
3 0.17109375 0.43203125 0.0421875 0.0453125
8 0.1390625 0.35546875 0.021875 0.025
8 0.1140625 0.3515625 0.01875 0.028125
8 0.12265625 0.4390625 0.0203125 0.025
8 0.1015625 0.434375 0.0203125 0.0265625
3 0.32890625 0.4109375 0.034375 0.0421875
11 0.26875 0.4234375 0.028125 0.1
9 0.26171875 0.3265625 0.03125 0.021875
2 0.3671875 0.33515625 0.0203125 0.0390625
2 0.3890625 0.3390625 0.01875 0.0375
2 0.396875 0.33984375 0.0171875 0.0375
2 0.4171875 0.34375 0.01875 0.0421875
2 0.4671875 0.32890625 0.0546875 0.0609375
2 0.47578125 0.27421875 0.0484375 0.059375
2 0.578125 0.29453125 0.0484375 0.0578125
2 0.5640625 0.3484375 0.05625 0.059375
1 0.5296875 0.2703125 0.0515625 0.0296875
6 0.68125 0.30390625 0.0203125 0.03125
6 0.6765625 0.3296875 0.0234375 0.0328125
6 0.6515625 0.325 0.021875 0.03125
6 0.65703125 0.3 0.021875 0.0296875
6 0.6328125 0.29453125 0.0203125 0.03125
6 0.628125 0.32109375 0.021875 0.03125
6 0.61328125 0.31796875 0.0203125 0.0328125
6 0.61796875 0.2921875 0.0203125 0.03125
11 0.60390625 0.2875 0.0125 0.028125
11 0.646875 0.2953125 0.0125 0.028125
11 0.66953125 0.3015625 0.0125 0.0296875
11 0.69453125 0.30625 0.0125 0.028125
11 0.728125 0.39375 0.0140625 0.03125
11 0.7765625 0.4015625 0.0125 0.0328125
11 0.821875 0.42421875 0.0140625 0.0296875
9 0.6 0.31640625 0.015625 0.028125
2 0.6078125 0.38046875 0.0171875 0.0359375
2 0.63203125 0.38671875 0.0265625 0.0375
2 0.65625 0.390625 0.0203125 0.0375
9 0.71015625 0.41171875 0.0265625 0.0203125
9 0.80390625 0.44296875 0.028125 0.01875
9 0.80546875 0.42578125 0.021875 0.0171875
9 0.75859375 0.4046875 0.025 0.0203125
9 0.71171875 0.39375 0.0234375 0.01875
6 0.734375 0.31484375 0.021875 0.0328125
6 0.71015625 0.31328125 0.0234375 0.040625
6 0.7546875 0.3578125 0.021875 0.0265625
6 0.7703125 0.3625 0.021875 0.028125
6 0.77421875 0.34140625 0.0234375 0.0265625
6 0.77734375 0.32109375 0.0234375 0.028125
6 0.7640625 0.31796875 0.021875 0.0296875
6 0.75859375 0.33671875 0.021875 0.0265625
6 0.8109375 0.32734375 0.021875 0.028125
6 0.825 0.3296875 0.021875 0.0265625
6 0.821875 0.35078125 0.025 0.028125
6 0.80625 0.34765625 0.021875 0.0265625
6 0.80234375 0.36796875 0.0234375 0.028125
6 0.81796875 0.3703125 0.0234375 0.028125
6 0.8140625 0.38984375 0.0234375 0.028125
6 0.79921875 0.38671875 0.0234375 0.0265625
11 0.7640625 0.37421875 0.0125 0.0125
11 0.7546875 0.371875 0.0140625 0.0109375
11 0.7984375 0.4015625 0.0140625 0.0125
11 0.8078125 0.403125 0.0125 0.0109375
11 0.8515625 0.41171875 0.0265625 0.0125
11 0.9 0.42109375 0.021875 0.0125
11 0.94921875 0.43125 0.021875 0.0125
6 0.846875 0.396875 0.0234375 0.028125
6 0.86171875 0.4 0.025 0.0265625
6 0.86640625 0.38125 0.025 0.0265625
6 0.85078125 0.37734375 0.025 0.0265625
6 0.8703125 0.359375 0.0234375 0.028125
6 0.87421875 0.34140625 0.025 0.0296875
6 0.859375 0.3375 0.0234375 0.028125
6 0.8546875 0.35625 0.0234375 0.028125
6 0.90625 0.34609375 0.0265625 0.0328125
6 0.92109375 0.34921875 0.0234375 0.03125
6 0.9171875 0.37109375 0.0234375 0.028125
6 0.90234375 0.36484375 0.025 0.0296875
6 0.91328125 0.38828125 0.0234375 0.0265625
6 0.91015625 0.40859375 0.0234375 0.0265625
6 0.89609375 0.40703125 0.021875 0.0265625
6 0.89765625 0.3859375 0.025 0.028125
6 0.9546875 0.35546875 0.0265625 0.0296875
6 0.95 0.37578125 0.0265625 0.0296875
6 0.94609375 0.3953125 0.0265625 0.028125
6 0.9421875 0.415625 0.025 0.0265625
6 0.96015625 0.41796875 0.021875 0.0265625
6 0.96484375 0.39921875 0.0203125 0.028125
6 0.96796875 0.37890625 0.0203125 0.028125
6 0.971875 0.35859375 0.021875 0.0296875
9 0.9578125 0.4546875 0.0234375 0.01875
9 0.90078125 0.44453125 0.0234375 0.0203125
9 0.85234375 0.434375 0.0203125 0.0171875
11 0.86953125 0.43203125 0.0125 0.0296875
11 0.9171875 0.44140625 0.0125 0.03125
11 0.9234375 0.44296875 0.0125 0.03125
3 0.71953125 0.48515625 0.0265625 0.0421875
3 0.68984375 0.47890625 0.0265625 0.0390625
3 0.79140625 0.49375 0.0421875 0.046875
3 0.7796875 0.55703125 0.040625 0.05
3 0.8328125 0.5609375 0.053125 0.0515625
3 0.84140625 0.5109375 0.05 0.05
11 0.64609375 0.496875 0.0359375 0.128125
2 0.90234375 0.509375 0.0296875 0.0390625
2 0.92890625 0.5140625 0.0296875 0.0390625
2 0.91328125 0.5890625 0.028125 0.0359375
2 0.8890625 0.5828125 0.028125 0.0375
6 0.90625 0.6859375 0.0234375 0.028125
6 0.90234375 0.70625 0.0234375 0.028125
6 0.8984375 0.7265625 0.025 0.0296875
6 0.8953125 0.74609375 0.0234375 0.0296875
6 0.8921875 0.6828125 0.021875 0.0265625
6 0.8875 0.70390625 0.0234375 0.028125
6 0.884375 0.72265625 0.021875 0.028125
6 0.88046875 0.74296875 0.021875 0.0265625
6 0.8578125 0.67734375 0.0234375 0.028125
6 0.85390625 0.696875 0.0234375 0.028125
6 0.85 0.7171875 0.0234375 0.028125
6 0.84609375 0.73671875 0.025 0.03125
6 0.83203125 0.73359375 0.021875 0.028125
6 0.83515625 0.7140625 0.0234375 0.0265625
6 0.83984375 0.69375 0.0234375 0.028125
6 0.84375 0.67421875 0.0234375 0.028125
11 0.853125 0.6609375 0.021875 0.015625
11 0.9015625 0.6703125 0.0234375 0.0140625
11 0.80546875 0.65234375 0.025 0.0140625
11 0.7578125 0.64296875 0.021875 0.0140625
11 0.78203125 0.63125 0.0109375 0.028125
11 0.8296875 0.64140625 0.0125 0.028125
11 0.8765625 0.65 0.0109375 0.0265625
11 0.88359375 0.65 0.0109375 0.0265625
11 0.73359375 0.62265625 0.0125 0.028125
11 0.70546875 0.65546875 0.025 0.0125
6 0.70859375 0.6703125 0.0234375 0.028125
6 0.7046875 0.690625 0.025 0.028125
6 0.7015625 0.709375 0.025 0.0296875
6 0.6875 0.7078125 0.021875 0.028125
6 0.69140625 0.68671875 0.021875 0.0265625
6 0.6953125 0.6671875 0.0234375 0.0296875
6 0.7609375 0.65859375 0.0234375 0.0265625
6 0.7578125 0.67734375 0.0234375 0.028125
6 0.75390625 0.69765625 0.0234375 0.028125
6 0.75 0.7171875 0.0234375 0.0265625
6 0.7359375 0.71484375 0.021875 0.0265625
6 0.73984375 0.69453125 0.0234375 0.0265625
6 0.74375 0.67578125 0.0234375 0.0296875
6 0.746875 0.65546875 0.021875 0.025
6 0.79453125 0.66484375 0.0203125 0.028125
6 0.81015625 0.66796875 0.0203125 0.0265625
6 0.80546875 0.6875 0.0203125 0.028125
6 0.803125 0.70625 0.021875 0.0296875
6 0.7984375 0.728125 0.021875 0.0296875
6 0.78359375 0.725 0.021875 0.028125
6 0.78828125 0.703125 0.021875 0.028125
6 0.79140625 0.684375 0.021875 0.028125
9 0.8625 0.64140625 0.0234375 0.0171875
9 0.9125 0.65234375 0.0234375 0.01875
9 0.8140625 0.63203125 0.025 0.01875
9 0.7671875 0.62265625 0.0234375 0.0171875
9 0.71953125 0.6125 0.0234375 0.0171875
2 0.578125 0.5921875 0.028125 0.025
2 0.61953125 0.5984375 0.0296875 0.0234375
2 0.67265625 0.60625 0.0265625 0.0203125
2 0.52578125 0.58515625 0.0328125 0.0390625
2 0.46796875 0.63671875 0.1296875 0.0953125
7 0.534375 0.67578125 0.021875 0.03125
7 0.559375 0.68125 0.0234375 0.0328125
7 0.5828125 0.6859375 0.021875 0.034375
9 0.59921875 0.65859375 0.0140625 0.03125
9 0.57421875 0.65390625 0.015625 0.03125
9 0.55078125 0.65 0.015625 0.03125
6 0.665625 0.703125 0.021875 0.0265625
6 0.65078125 0.69921875 0.0203125 0.0265625
2 0.41484375 0.56875 0.0203125 0.040625
2 0.390625 0.5625 0.0265625 0.04375
2 0.365625 0.55703125 0.021875 0.040625
9 0.31953125 0.53984375 0.028125 0.0203125
9 0.22578125 0.503125 0.0328125 0.025
6 0.38984375 0.65078125 0.021875 0.025
6 0.3921875 0.63125 0.0203125 0.025
6 0.35078125 0.6390625 0.0234375 0.0375
3 0.3734375 0.6421875 0.021875 0.0390625
6 0.3171875 0.634375 0.0234375 0.028125
6 0.3203125 0.61484375 0.0234375 0.0265625
6 0.30625 0.61171875 0.0234375 0.0265625
6 0.30234375 0.63203125 0.0234375 0.0265625
11 0.315625 0.5984375 0.021875 0.0140625
11 0.33671875 0.63671875 0.0125 0.0296875
11 0.403125 0.64453125 0.0125 0.028125
9 0.31796875 0.5609375 0.0234375 0.0171875
11 0.3015625 0.56328125 0.0109375 0.028125
9 0.271875 0.53359375 0.0265625 0.0203125
9 0.225 0.5234375 0.025 0.0171875
9 0.178125 0.5140625 0.025 0.0171875
9 0.12890625 0.5046875 0.025 0.0171875
11 0.27109375 0.5703125 0.0234375 0.0140625
11 0.2234375 0.55859375 0.0265625 0.0171875
11 0.1796875 0.5296875 0.025 0.015625
11 0.13125 0.5203125 0.0234375 0.0140625
11 0.08125 0.51171875 0.0234375 0.0140625
6 0.13515625 0.5375 0.0234375 0.0265625
6 0.13203125 0.55625 0.0234375 0.028125
6 0.128125 0.57578125 0.0234375 0.028125
6 0.12421875 0.5953125 0.0234375 0.028125
6 0.12109375 0.534375 0.0203125 0.028125
6 0.1171875 0.55234375 0.021875 0.025
6 0.275 0.58515625 0.0234375 0.028125
6 0.27109375 0.6046875 0.0234375 0.0296875
6 0.26796875 0.62421875 0.0234375 0.0296875
6 0.25390625 0.62109375 0.0203125 0.028125
6 0.2578125 0.60078125 0.021875 0.028125
6 0.2609375 0.5828125 0.0234375 0.0265625
6 0.22734375 0.57578125 0.0234375 0.028125
6 0.2234375 0.59609375 0.025 0.03125
6 0.2203125 0.6140625 0.0234375 0.0296875
6 0.20625 0.6125 0.0234375 0.028125
6 0.2109375 0.5921875 0.0234375 0.028125
6 0.2140625 0.57265625 0.0234375 0.028125
6 0.1828125 0.54609375 0.0234375 0.028125
6 0.1796875 0.565625 0.0234375 0.028125
6 0.17578125 0.5859375 0.0234375 0.028125
6 0.171875 0.60546875 0.025 0.0296875
6 0.1578125 0.603125 0.0234375 0.028125
6 0.16171875 0.5828125 0.0234375 0.0296875
6 0.165625 0.5625 0.021875 0.028125
6 0.16953125 0.54140625 0.021875 0.028125
6 0.11328125 0.5734375 0.025 0.028125
6 0.109375 0.5953125 0.025 0.028125
6 0.075 0.58671875 0.0203125 0.028125
6 0.07890625 0.56796875 0.021875 0.0265625
6 0.08203125 0.54609375 0.0234375 0.0265625
6 0.0859375 0.528125 0.0234375 0.0265625
6 0.071875 0.52421875 0.021875 0.0265625
6 0.0671875 0.54375 0.0234375 0.0265625
6 0.06328125 0.56328125 0.021875 0.025
6 0.059375 0.58359375 0.0234375 0.0265625
11 0.1078125 0.49453125 0.0140625 0.0296875
11 0.1125 0.50859375 0.0125 0.028125
11 0.1609375 0.51640625 0.0125 0.0265625
11 0.20859375 0.525 0.0140625 0.03125
11 0.25625 0.53515625 0.0125 0.0296875
9 0.07421875 0.48359375 0.028125 0.01875