6 0.0984375 0.271875 0.01875 0.02578125
6 0.0984375 0.2921875 0.01953125 0.025
6 0.09921875 0.315625 0.01953125 0.02890625
6 0.084375 0.315625 0.01796875 0.03046875
6 0.084375 0.2921875 0.01796875 0.025
6 0.084375 0.271875 0.01796875 0.02421875
6 0.15 0.271875 0.01953125 0.025
6 0.15 0.2921875 0.01953125 0.025
6 0.15 0.31484375 0.0203125 0.03046875
6 0.134375 0.31484375 0.0171875 0.03125
6 0.134375 0.2921875 0.01640625 0.02421875
6 0.13515625 0.27265625 0.0171875 0.025
6 0.1828125 0.27109375 0.01875 0.025
6 0.1984375 0.27109375 0.0171875 0.02578125
6 0.1984375 0.29296875 0.01796875 0.025
6 0.18359375 0.29296875 0.01875 0.025
6 0.18359375 0.31484375 0.01875 0.02890625
6 0.1984375 0.315625 0.01796875 0.02890625
6 0.24765625 0.315625 0.01640625 0.03046875
6 0.2328125 0.315625 0.0171875 0.03125
6 0.24765625 0.2921875 0.0171875 0.02421875
6 0.24765625 0.27109375 0.0171875 0.0234375
6 0.2328125 0.27109375 0.01640625 0.02421875
6 0.2328125 0.2921875 0.0171875 0.02421875
6 0.296875 0.271875 0.01796875 0.02578125
6 0.296875 0.29453125 0.01875 0.03046875
6 0.28203125 0.29453125 0.01796875 0.03203125
6 0.28203125 0.271875 0.01796875 0.02421875
6 0.32578125 0.27421875 0.0171875 0.03203125
3 0.35234375 0.275 0.0171875 0.040625
6 0.3796875 0.2984375 0.015625 0.028125
6 0.37890625 0.27265625 0.0171875 0.0296875
6 0.3953125 0.27265625 0.0171875 0.03046875
6 0.39609375 0.2984375 0.01796875 0.02734375
11 0.365625 0.2703125 0.00625 0.02734375
11 0.40859375 0.2703125 0.00546875 0.0265625
9 0.3671875 0.30390625 0.0078125 0.0265625
9 0.40703125 0.303125 0.009375 0.02578125
11 0.31640625 0.3109375 0.00703125 0.0265625
11 0.2671875 0.3484375 0.00703125 0.02734375
9 0.2828125 0.3546875 0.021875 0.0125
9 0.234375 0.3546875 0.02265625 0.0125
9 0.18671875 0.365625 0.021875 0.0140625
9 0.1359375 0.36640625 0.0203125 0.0140625
9 0.08359375 0.37265625 0.021875 0.015625
3 0.21484375 0.4703125 0.03671875 0.09375
3 0.1625 0.44453125 0.0359375 0.040625
3 0.1640625 0.49609375 0.03515625 0.03984375
8 0.11796875 0.42734375 0.0171875 0.02265625
8 0.09296875 0.428125 0.01484375 0.025
8 0.11796875 0.5125 0.015625 0.02265625
8 0.09609375 0.51171875 0.01640625 0.0234375
3 0.31484375 0.4453125 0.02734375 0.03828125
11 0.25859375 0.46875 0.009375 0.10078125
9 0.2328125 0.375 0.028125 0.01640625
2 0.33828125 0.36328125 0.01328125 0.03671875
2 0.36015625 0.36328125 0.01171875 0.03515625
2 0.36796875 0.3625 0.01015625 0.0359375
2 0.3890625 0.3625 0.01171875 0.040625
2 0.43515625 0.33828125 0.04453125 0.05390625
2 0.4328125 0.2828125 0.0390625 0.05234375
2 0.5375 0.28359375 0.0390625 0.0515625
2 0.53359375 0.3390625 0.04765625 0.0515625
1 0.48515625 0.26875 0.04921875 0.0203125
6 0.640625 0.27265625 0.015625 0.028125
6 0.640625 0.29921875 0.0171875 0.03046875
6 0.615625 0.29921875 0.01640625 0.028125
6 0.615625 0.2734375 0.0171875 0.02734375
6 0.59140625 0.27265625 0.015625 0.028125
6 0.59140625 0.3 0.01640625 0.02890625
6 0.5765625 0.3 0.015625 0.0296875
6 0.57578125 0.2734375 0.015625 0.02890625
11 0.56171875 0.271875 0.0078125 0.02734375
11 0.60546875 0.27109375 0.0078125 0.0265625
11 0.62890625 0.27265625 0.00703125 0.02890625
11 0.65390625 0.27265625 0.0078125 0.02734375
11 0.70390625 0.35234375 0.0078125 0.03046875
11 0.753125 0.35078125 0.00703125 0.0328125
11 0.8015625 0.3640625 0.00859375 0.02890625
9 0.56328125 0.30078125 0.0109375 0.0265625
2 0.5828125 0.3625 0.01171875 0.03359375
2 0.6078125 0.36328125 0.02109375 0.03359375
2 0.6328125 0.3625 0.01328125 0.03515625
9 0.68984375 0.3734375 0.02421875 0.015625
9 0.7875 0.3859375 0.02578125 0.01484375
9 0.7859375 0.36875 0.0203125 0.0140625
9 0.7359375 0.35703125 0.02265625 0.01640625
9 0.6875 0.35546875 0.0203125 0.01484375
6 0.69453125 0.2734375 0.01640625 0.03046875
6 0.6703125 0.2765625 0.0171875 0.03828125
6 0.72265625 0.31171875 0.0171875 0.0234375
6 0.7390625 0.31328125 0.01796875 0.025
6 0.7390625 0.2921875 0.01875 0.0234375
6 0.73828125 0.27109375 0.01875 0.025
6 0.72421875 0.27109375 0.0171875 0.0265625
6 0.72265625 0.290625 0.01796875 0.0234375
6 0.771875 0.27109375 0.01796875 0.02578125
6 0.78671875 0.27109375 0.01796875 0.0234375
6 0.7875 0.2921875 0.0203125 0.025
6 0.771875 0.2921875 0.01796875 0.0234375
6 0.771875 0.3125 0.01875 0.02421875
6 0.7875 0.31171875 0.01875 0.02421875
6 0.7875 0.33203125 0.01875 0.02421875
6 0.771875 0.33203125 0.01953125 0.02265625
11 0.73515625 0.32578125 0.0109375 0.0109375
11 0.72578125 0.32578125 0.01171875 0.009375
11 0.77421875 0.34609375 0.01171875 0.0109375
11 0.78359375 0.34609375 0.0109375 0.009375
11 0.828125 0.34609375 0.025 0.00859375
11 0.87734375 0.34609375 0.02109375 0.009375
11 0.928125 0.346875 0.02109375 0.00859375
6 0.82109375 0.3328125 0.01875 0.02421875
6 0.8359375 0.3328125 0.02109375 0.02265625
6 0.83671875 0.31328125 0.0203125 0.0234375
6 0.82109375 0.3125 0.02109375 0.0234375
6 0.83671875 0.29140625 0.01953125 0.02421875
6 0.83671875 0.27265625 0.0203125 0.02578125
6 0.821875 0.271875 0.01875 0.02578125
6 0.82109375 0.29140625 0.01953125 0.025
6 0.86953125 0.27109375 0.02109375 0.02890625
6 0.884375 0.271875 0.01875 0.028125
6 0.88515625 0.29375 0.01875 0.02578125
6 0.86953125 0.290625 0.01953125 0.0265625
6 0.884375 0.31171875 0.01953125 0.0234375
6 0.88515625 0.33203125 0.01875 0.02265625
6 0.87109375 0.3328125 0.01796875 0.0234375
6 0.86875 0.3125 0.0203125 0.02421875
6 0.91875 0.27109375 0.021875 0.0265625
6 0.91796875 0.2921875 0.021875 0.0265625
6 0.91796875 0.3125 0.021875 0.025
6 0.91796875 0.3328125 0.02109375 0.0234375
6 0.9359375 0.33203125 0.0171875 0.0234375
6 0.93671875 0.3125 0.015625 0.02578125
6 0.9359375 0.2921875 0.01640625 0.025
6 0.9359375 0.27109375 0.01640625 0.02734375
9 0.940625 0.36796875 0.021875 0.0140625
9 0.8828125 0.36875 0.02109375 0.01640625
9 0.83359375 0.36796875 0.01796875 0.0140625
11 0.85 0.3625 0.00703125 0.028125
11 0.8984375 0.3625 0.00703125 0.0296875
11 0.9046875 0.36328125 0.00625 0.03046875
3 0.7125 0.44375 0.01953125 0.03984375
3 0.68203125 0.44296875 0.01953125 0.03671875
3 0.78515625 0.43828125 0.03515625 0.040625
3 0.78515625 0.50234375 0.03359375 0.04375
3 0.83828125 0.49609375 0.04609375 0.04296875
3 0.8375 0.4453125 0.0421875 0.0421875
11 0.64296875 0.46875 0.01171875 0.12890625
2 0.896875 0.43203125 0.0234375 0.03515625
2 0.9234375 0.43203125 0.02421875 0.034375
2 0.92265625 0.50859375 0.021875 0.0328125
2 0.89765625 0.50703125 0.02265625 0.034375
6 0.934375 0.6046875 0.01875 0.025
6 0.934375 0.62578125 0.01953125 0.025
6 0.934375 0.64609375 0.01953125 0.0265625
6 0.93515625 0.66640625 0.01875 0.02734375
6 0.91953125 0.6046875 0.01796875 0.02421875
6 0.91953125 0.6265625 0.01875 0.02421875
6 0.91953125 0.6453125 0.01796875 0.025
6 0.91953125 0.665625 0.01796875 0.0234375
6 0.88515625 0.60546875 0.01875 0.025
6 0.88515625 0.62578125 0.01875 0.02578125
6 0.88515625 0.64609375 0.01953125 0.025
6 0.88515625 0.66640625 0.01953125 0.028125
6 0.8703125 0.665625 0.01796875 0.025
6 0.86953125 0.64609375 0.01875 0.0234375
6 0.8703125 0.625 0.01875 0.02421875
6 0.8703125 0.60546875 0.01953125 0.02421875
11 0.87734375 0.590625 0.0203125 0.01171875
11 0.9265625 0.590625 0.021875 0.009375
11 0.82890625 0.59140625 0.0234375 0.01015625
11 0.78046875 0.59140625 0.02109375 0.01015625
11 0.8015625 0.575 0.00625 0.02734375
11 0.85078125 0.57578125 0.00703125 0.0265625
11 0.8984375 0.575 0.00625 0.0265625
11 0.90546875 0.57421875 0.00625 0.0265625
11 0.75234375 0.57578125 0.00703125 0.02734375
11 0.73125 0.61328125 0.0234375 0.00859375
6 0.7375 0.62734375 0.01953125 0.025
6 0.7375 0.64765625 0.0203125 0.02421875
6 0.7375 0.6671875 0.01953125 0.0265625
6 0.7234375 0.66796875 0.0171875 0.02578125
6 0.7234375 0.646875 0.01796875 0.02421875
6 0.7234375 0.6265625 0.01953125 0.02578125
6 0.78671875 0.60546875 0.01875 0.0234375
6 0.78671875 0.625 0.01875 0.02421875
6 0.78671875 0.6453125 0.01953125 0.02421875
6 0.78671875 0.665625 0.01953125 0.0234375
6 0.77265625 0.665625 0.01796875 0.02421875
6 0.77265625 0.6453125 0.01875 0.0234375
6 0.77265625 0.62578125 0.01875 0.0265625
6 0.771875 0.60546875 0.01796875 0.02265625
6 0.8203125 0.60546875 0.01640625 0.025
6 0.83671875 0.60546875 0.01640625 0.02421875
6 0.8359375 0.62578125 0.01640625 0.02578125
6 0.83671875 0.64453125 0.0171875 0.0265625
6 0.83671875 0.6671875 0.01640625 0.02734375
6 0.82109375 0.66640625 0.01796875 0.025
6 0.821875 0.64453125 0.01796875 0.025
6 0.82109375 0.62578125 0.01796875 0.02578125
9 0.8828125 0.56953125 0.021875 0.01328125
9 0.934375 0.57109375 0.021875 0.0140625
9 0.83359375 0.56953125 0.02265625 0.0140625
9 0.7859375 0.56953125 0.02109375 0.01328125
9 0.73671875 0.56875 0.02109375 0.0140625
2 0.59453125 0.57578125 0.025 0.0203125
2 0.6359375 0.57421875 0.0265625 0.01875
2 0.68984375 0.57109375 0.02421875 0.015625
2 0.54140625 0.57890625 0.0265625 0.034375
2 0.49453125 0.640625 0.1171875 0.07421875
7 0.5671875 0.665625 0.01640625 0.02890625
7 0.59296875 0.66640625 0.0171875 0.03046875
7 0.61640625 0.66640625 0.01640625 0.03203125
9 0.62734375 0.63671875 0.0078125 0.03046875
9 0.60234375 0.63671875 0.01015625 0.0296875
9 0.578125 0.6375 0.009375 0.0296875
6 0.7015625 0.66796875 0.0171875 0.0234375
6 0.6859375 0.6671875 0.01640625 0.0234375
2 0.4296875 0.58359375 0.01328125 0.0390625
2 0.4046875 0.58203125 0.01953125 0.04140625
2 0.37890625 0.58203125 0.0140625 0.03828125
9 0.33046875 0.5734375 0.025 0.01640625
9 0.23125 0.55546875 0.0296875 0.01953125
6 0.4203125 0.66875 0.01796875 0.02265625
6 0.41953125 0.64921875 0.015625 0.02265625
6 0.3796875 0.66484375 0.01796875 0.034375
3 0.403125 0.6640625 0.015625 0.03671875
6 0.34609375 0.6671875 0.01875 0.02421875
6 0.3453125 0.646875 0.01953125 0.0234375
6 0.33125 0.646875 0.01875 0.0234375
6 0.33125 0.6671875 0.01953125 0.0234375
11 0.3375 0.63203125 0.01953125 0.0109375
11 0.365625 0.665625 0.0078125 0.028125
11 0.4328125 0.66015625 0.00703125 0.02734375
9 0.3328125 0.59453125 0.021875 0.01328125
11 0.3171875 0.6 0.00625 0.02734375
9 0.2828125 0.5765625 0.0234375 0.01640625
9 0.234375 0.57578125 0.0234375 0.01328125
9 0.18671875 0.575 0.02265625 0.0125
9 0.13671875 0.575 0.02265625 0.0125
11 0.2890625 0.6125 0.02265625 0.01015625
11 0.23984375 0.61015625 0.02421875 0.0125
11 0.19140625 0.58984375 0.02265625 0.0109375
11 0.1421875 0.590625 0.021875 0.01015625
11 0.09140625 0.59140625 0.021875 0.01015625
6 0.14921875 0.60625 0.01875 0.0234375
6 0.14921875 0.62578125 0.01875 0.025
6 0.14921875 0.6453125 0.01875 0.02578125
6 0.14921875 0.665625 0.01875 0.025
6 0.134375 0.60625 0.01640625 0.025
6 0.134375 0.62421875 0.01796875 0.02265625
6 0.2953125 0.6265625 0.01875 0.02421875
6 0.2953125 0.64609375 0.01953125 0.02578125
6 0.29609375 0.66640625 0.01953125 0.02578125
6 0.28125 0.665625 0.01640625 0.025
6 0.28125 0.6453125 0.0171875 0.025
6 0.28125 0.6265625 0.01875 0.0234375
6 0.246875 0.6265625 0.01953125 0.02421875
6 0.246875 0.646875 0.01953125 0.02734375
6 0.24765625 0.665625 0.01953125 0.02578125
6 0.2328125 0.66640625 0.01875 0.02421875
6 0.23359375 0.64609375 0.01875 0.02578125
6 0.2328125 0.62578125 0.01875 0.02578125
6 0.19765625 0.60546875 0.01875 0.02421875
6 0.1984375 0.62578125 0.01875 0.025
6 0.1984375 0.64609375 0.01875 0.02578125
6 0.1984375 0.66640625 0.0203125 0.0265625
6 0.18359375 0.66640625 0.01875 0.02578125
6 0.18359375 0.64609375 0.01796875 0.0265625
6 0.18359375 0.625 0.01796875 0.025
6 0.18359375 0.60390625 0.0171875 0.025
6 0.134375 0.64609375 0.0203125 0.025
6 0.134375 0.66796875 0.0203125 0.025
6 0.09921875 0.66640625 0.01640625 0.02578125
6 0.09921875 0.646875 0.0171875 0.0234375
6 0.0984375 0.625 0.01953125 0.0234375
6 0.09921875 0.60625 0.01875 0.0234375
6 0.084375 0.60546875 0.0171875 0.0234375
6 0.08359375 0.62578125 0.01875 0.0234375
6 0.08359375 0.6453125 0.01875 0.021875
6 0.08359375 0.66640625 0.01875 0.0234375
11 0.1140625 0.56953125 0.00859375 0.028125
11 0.12109375 0.58203125 0.00703125 0.02734375
11 0.1703125 0.58046875 0.00703125 0.02578125
11 0.21875 0.58046875 0.00859375 0.0296875
11 0.2671875 0.58125 0.00703125 0.028125
9 0.07890625 0.56484375 0.025 0.01484375