2 0.4421875 0.48203125 0.1421875 0.1390625
5 0.50234375 0.43515625 0.021875 0.0296875
5 0.48828125 0.434375 0.0203125 0.0296875
6 0.7890625 0.4859375 0.0328125 0.0578125
6 0.76015625 0.48359375 0.0328125 0.059375
6 0.78515625 0.5421875 0.0328125 0.0578125
6 0.75703125 0.5390625 0.0328125 0.05625
6 0.6796875 0.47890625 0.0328125 0.0578125
6 0.67578125 0.53359375 0.0328125 0.05625
6 0.65078125 0.4765625 0.034375 0.0578125
6 0.646875 0.53046875 0.0328125 0.0546875
3 0.65703125 0.309375 0.0484375 0.078125
3 0.575 0.29921875 0.0421875 0.0609375
3 0.521875 0.29609375 0.0390625 0.059375
3 0.4171875 0.28828125 0.0671875 0.065625
3 0.31015625 0.28046875 0.06875 0.065625
3 0.3140625 0.48671875 0.0421875 0.0984375
3 0.2640625 0.484375 0.0421875 0.096875
3 0.2140625 0.48046875 0.04375 0.0984375
3 0.16484375 0.465625 0.040625 0.075
9 0.09375 0.38203125 0.021875 0.0515625
9 0.0828125 0.46484375 0.021875 0.0515625
11 0.83515625 0.4890625 0.0125 0.05625
11 0.83125 0.54296875 0.0125 0.05625
11 0.71953125 0.48125 0.0125 0.05625
11 0.71640625 0.534375 0.0140625 0.05625
11 0.615625 0.4734375 0.0140625 0.05625
11 0.6125 0.52734375 0.0125 0.05625
11 0.90390625 0.43984375 0.059375 0.0171875
11 0.92421875 0.28046875 0.040625 0.015625
11 0.88671875 0.278125 0.0390625 0.015625
6 0.88203125 0.334375 0.0421875 0.04375
6 0.92109375 0.33671875 0.0421875 0.04375
6 0.91796875 0.3765625 0.0421875 0.0421875
6 0.87890625 0.3734375 0.0421875 0.0421875
6 0.91015625 0.49296875 0.0421875 0.04375
6 0.90703125 0.53203125 0.0421875 0.04375