2 0.55859375 0.4859375 0.13359375 0.13046875
5 0.50234375 0.43515625 0.01953125 0.02890625
5 0.51640625 0.43515625 0.01875 0.028125
6 0.2125 0.465625 0.0296875 0.05546875
6 0.24140625 0.465625 0.02890625 0.05703125
6 0.2125 0.521875 0.02890625 0.05625
6 0.240625 0.52109375 0.02890625 0.05390625
6 0.321875 0.46640625 0.02890625 0.05546875
6 0.32265625 0.52109375 0.02890625 0.0546875
6 0.3515625 0.46640625 0.03046875 0.05625
6 0.3515625 0.5203125 0.0296875 0.053125
3 0.35625 0.29921875 0.04375 0.075
3 0.4390625 0.29453125 0.0375 0.05859375
3 0.4921875 0.2953125 0.0359375 0.05703125
3 0.59765625 0.29453125 0.06328125 0.0609375
3 0.7046875 0.29453125 0.0640625 0.06171875
3 0.68671875 0.5 0.0359375 0.096875
3 0.73671875 0.50078125 0.03515625 0.0953125
3 0.78671875 0.50078125 0.03671875 0.096875
3 0.83671875 0.4890625 0.03515625 0.0734375
9 0.91328125 0.4109375 0.01796875 0.05078125
9 0.91875 0.49375 0.01796875 0.05078125
11 0.16640625 0.465625 0.009375 0.05625
11 0.16640625 0.51953125 0.009375 0.05546875
11 0.28203125 0.465625 0.009375 0.05625
11 0.28203125 0.51953125 0.01015625 0.05625
11 0.38671875 0.465625 0.01015625 0.05625
11 0.3859375 0.51953125 0.009375 0.05546875
11 0.1015625 0.41171875 0.05859375 0.01328125
11 0.0921875 0.2515625 0.0390625 0.01328125
11 0.1296875 0.2515625 0.0390625 0.0125
6 0.13046875 0.3078125 0.0390625 0.04140625
6 0.09140625 0.3078125 0.0390625 0.04140625
6 0.09140625 0.34765625 0.0390625 0.03984375
6 0.13046875 0.34765625 0.0390625 0.03984375
6 0.09140625 0.4640625 0.0390625 0.040625
6 0.09140625 0.50390625 0.03984375 0.040625