2 0.43984375 0.5015625 0.1578125 0.1546875
5 0.484375 0.56328125 0.025 0.0328125
5 0.4703125 0.56015625 0.0234375 0.03125
6 0.77421875 0.59375 0.040625 0.0609375
6 0.74609375 0.5875 0.040625 0.0625
6 0.7859375 0.53828125 0.040625 0.0609375
6 0.7578125 0.53359375 0.0390625 0.059375
6 0.6671875 0.56953125 0.0390625 0.0609375
6 0.678125 0.51640625 0.0390625 0.059375
6 0.63828125 0.5640625 0.0421875 0.0609375
6 0.64921875 0.5109375 0.040625 0.0578125
3 0.59921875 0.7265625 0.0578125 0.0828125
3 0.5171875 0.71328125 0.0484375 0.065625
3 0.46484375 0.7015625 0.046875 0.0625
3 0.36171875 0.68046875 0.075 0.0734375
3 0.25703125 0.65859375 0.075 0.0734375
3 0.3171875 0.4609375 0.0546875 0.1015625
3 0.26875 0.45 0.0546875 0.1
3 0.21953125 0.43984375 0.05625 0.103125
3 0.16875 0.440625 0.05 0.0796875
9 0.07734375 0.5015625 0.028125 0.053125
9 0.0890625 0.41875 0.028125 0.053125
11 0.81953125 0.603125 0.0203125 0.05625
11 0.83046875 0.55 0.0203125 0.05625
11 0.70625 0.57890625 0.0203125 0.05625
11 0.7171875 0.5265625 0.021875 0.0578125
11 0.60390625 0.55703125 0.021875 0.0578125
11 0.615625 0.5046875 0.0203125 0.05625
11 0.87109375 0.66953125 0.059375 0.025
11 0.846875 0.828125 0.040625 0.021875
11 0.8109375 0.8203125 0.040625 0.0203125
6 0.821875 0.76484375 0.046875 0.0484375
6 0.859375 0.77265625 0.046875 0.0484375
6 0.86796875 0.73359375 0.046875 0.046875
6 0.8296875 0.72578125 0.046875 0.046875
6 0.8921875 0.6203125 0.046875 0.0484375
6 0.90078125 0.58125 0.046875 0.0484375