6 0.80703125 0.1734375 0.0640625 0.021875
6 0.80625 0.19296875 0.0640625 0.0203125
6 0.66484375 0.134375 0.0265625 0.028125
6 0.6390625 0.13515625 0.0265625 0.0265625
6 0.665625 0.16171875 0.028125 0.028125
6 0.63828125 0.16171875 0.0265625 0.0265625
6 0.5265625 0.1328125 0.046875 0.0203125
6 0.478125 0.134375 0.046875 0.0203125
6 0.43046875 0.13515625 0.046875 0.0203125
6 0.21328125 0.346875 0.0390625 0.01875
6 0.25078125 0.34609375 0.0375 0.0203125
6 0.2125 0.32890625 0.0390625 0.01875
6 0.25 0.328125 0.0375 0.0171875
6 0.21953125 0.5609375 0.0265625 0.028125
6 0.246875 0.56015625 0.028125 0.028125
6 0.24765625 0.5875 0.028125 0.0265625
6 0.2203125 0.5875 0.0265625 0.0265625
6 0.3046875 0.55859375 0.0265625 0.0265625
6 0.33046875 0.559375 0.028125 0.028125
6 0.33125 0.5859375 0.0265625 0.028125
6 0.3046875 0.58515625 0.0265625 0.028125
6 0.38671875 0.58515625 0.028125 0.028125
6 0.44296875 0.54140625 0.0265625 0.028125
6 0.47421875 0.5796875 0.028125 0.034375
6 0.5765625 0.55078125 0.028125 0.0296875
6 0.57578125 0.57890625 0.0265625 0.0265625
6 0.6046875 0.57890625 0.028125 0.028125
6 0.60546875 0.55 0.028125 0.0296875
6 0.6046875 0.5234375 0.028125 0.025
6 0.57578125 0.52421875 0.0296875 0.025
6 0.5203125 0.5375 0.0265625 0.034375
6 0.69375 0.55078125 0.0296875 0.0265625
6 0.66328125 0.55078125 0.03125 0.025
6 0.69375 0.57734375 0.028125 0.0265625
6 0.665625 0.57734375 0.0296875 0.028125
6 0.8265625 0.553125 0.0390625 0.021875
6 0.82734375 0.57265625 0.0390625 0.0171875
6 0.7875 0.55234375 0.0375 0.0203125
6 0.7890625 0.5734375 0.0390625 0.0203125
6 0.825 0.49296875 0.0375 0.021875
6 0.78671875 0.49296875 0.0390625 0.0203125
6 0.82578125 0.51328125 0.040625 0.0203125
6 0.7875 0.51484375 0.0359375 0.01875
6 0.24921875 0.2703125 0.0375 0.0171875
6 0.21171875 0.2703125 0.0390625 0.0171875
6 0.21171875 0.28828125 0.0390625 0.01875
6 0.24921875 0.28828125 0.0390625 0.01875
1 0.2296875 0.23203125 0.075 0.021875
6 0.80859375 0.259375 0.0640625 0.021875
6 0.8078125 0.27890625 0.0640625 0.021875
3 0.246875 0.45703125 0.0546875 0.0328125
3 0.24765625 0.484375 0.0515625 0.025
3 0.81015625 0.38984375 0.046875 0.0390625
3 0.8109375 0.42265625 0.0453125 0.0296875
6 0.2890625 0.34609375 0.0390625 0.01875
6 0.28828125 0.328125 0.0390625 0.0171875
2 0.8171875 0.33828125 0.0734375 0.0484375
0 0.75390625 0.3640625 0.0515625 0.0515625
10 0.81328125 0.46171875 0.05625 0.0265625
2 0.384375 0.465625 0.0765625 0.025
2 0.61015625 0.43671875 0.0484375 0.034375
9 0.7125 0.4359375 0.03125 0.028125
2 0.6609375 0.49453125 0.096875 0.0484375
6 0.69453125 0.52109375 0.0296875 0.0234375
6 0.66484375 0.521875 0.028125 0.0234375
2 0.26796875 0.39609375 0.0703125 0.0328125
11 0.31796875 0.5421875 0.040625 0.0078125
11 0.378125 0.54296875 0.0125 0.028125
11 0.2328125 0.54375 0.040625 0.009375
11 0.45234375 0.58359375 0.0125 0.028125
11 0.46484375 0.5375 0.0109375 0.0359375
11 0.52890625 0.57890625 0.0109375 0.0359375
11 0.58828125 0.50859375 0.040625 0.009375
11 0.76328125 0.503125 0.0109375 0.028125
11 0.7640625 0.56328125 0.0109375 0.028125
11 0.71015625 0.165625 0.0140625 0.090625
11 0.27265625 0.27890625 0.0109375 0.028125
11 0.31171875 0.3359375 0.0109375 0.028125
11 0.35625 0.34296875 0.0171875 0.0375
9 0.20390625 0.403125 0.0421875 0.0203125
9 0.37890625 0.31328125 0.0265625 0.0203125