6 0.8125 0.17890625 0.0640625 0.0203125
6 0.81171875 0.1984375 0.06328125 0.01953125
6 0.67109375 0.1375 0.0265625 0.02734375
6 0.6453125 0.1375 0.0265625 0.02578125
6 0.671875 0.16484375 0.028125 0.02734375
6 0.64453125 0.1640625 0.0265625 0.0265625
6 0.5328125 0.13359375 0.046875 0.01875
6 0.484375 0.134375 0.046875 0.01875
6 0.43671875 0.134375 0.046875 0.01953125
6 0.215625 0.3421875 0.03828125 0.01796875
6 0.253125 0.34140625 0.0375 0.01953125
6 0.215625 0.32421875 0.0390625 0.01796875
6 0.253125 0.3234375 0.0375 0.01640625
6 0.21875 0.55625 0.02578125 0.02734375
6 0.24609375 0.55546875 0.02734375 0.02734375
6 0.24609375 0.5828125 0.028125 0.0265625
6 0.21875 0.5828125 0.0265625 0.0265625
6 0.30390625 0.55546875 0.0265625 0.0265625
6 0.3296875 0.55625 0.02734375 0.028125
6 0.3296875 0.5828125 0.0265625 0.02734375
6 0.303125 0.58203125 0.0265625 0.02734375
6 0.38515625 0.5828125 0.028125 0.028125
6 0.4421875 0.540625 0.02578125 0.02734375
6 0.47265625 0.57890625 0.02734375 0.034375
6 0.57578125 0.55234375 0.02734375 0.0296875
6 0.57421875 0.58046875 0.02578125 0.0265625
6 0.603125 0.58046875 0.028125 0.02734375
6 0.6046875 0.5515625 0.028125 0.0296875
6 0.60390625 0.525 0.028125 0.02421875
6 0.575 0.52578125 0.02890625 0.02421875
6 0.51953125 0.5375 0.0265625 0.034375
6 0.69296875 0.55390625 0.0296875 0.02578125
6 0.6625 0.55390625 0.03046875 0.02421875
6 0.6921875 0.58046875 0.028125 0.0265625
6 0.6640625 0.58046875 0.02890625 0.02734375
6 0.82578125 0.55859375 0.0390625 0.02109375
6 0.82578125 0.578125 0.0390625 0.0171875
6 0.78671875 0.55703125 0.0375 0.0203125
6 0.7875 0.578125 0.03828125 0.0203125
6 0.825 0.4984375 0.03671875 0.02109375
6 0.78671875 0.49765625 0.03828125 0.01953125
6 0.82578125 0.51875 0.03984375 0.01953125
6 0.7875 0.51953125 0.0359375 0.01796875
6 0.253125 0.265625 0.0375 0.0171875
6 0.215625 0.265625 0.03828125 0.0171875
6 0.215625 0.28359375 0.03828125 0.01875
6 0.253125 0.28359375 0.03828125 0.01875
1 0.234375 0.22734375 0.075 0.0203125
6 0.8125 0.26484375 0.0640625 0.02109375
6 0.81171875 0.284375 0.0640625 0.02109375
3 0.24765625 0.45234375 0.0546875 0.03203125
3 0.24765625 0.4796875 0.0515625 0.0234375
3 0.81171875 0.3953125 0.04609375 0.03828125
3 0.8125 0.428125 0.0453125 0.02890625
6 0.29140625 0.3421875 0.03828125 0.01875
6 0.29140625 0.32421875 0.03828125 0.0171875
2 0.8203125 0.34375 0.071875 0.04765625
0 0.75625 0.36875 0.05 0.05
10 0.8140625 0.4671875 0.05546875 0.02578125
2 0.38515625 0.46328125 0.0765625 0.02421875
2 0.6109375 0.43828125 0.04765625 0.0328125
9 0.71328125 0.43984375 0.03125 0.028125
2 0.6609375 0.49765625 0.09609375 0.046875
6 0.69375 0.52421875 0.02890625 0.02265625
6 0.6640625 0.525 0.028125 0.02265625
2 0.26953125 0.3921875 0.0703125 0.03125
11 0.3171875 0.5390625 0.03984375 0.0078125
11 0.37734375 0.540625 0.01171875 0.02734375
11 0.23203125 0.5390625 0.03984375 0.00859375
11 0.45078125 0.5828125 0.01171875 0.028125
11 0.4640625 0.53671875 0.0109375 0.0359375
11 0.52734375 0.5796875 0.01015625 0.03515625
11 0.58828125 0.51015625 0.03984375 0.00859375
11 0.76328125 0.5078125 0.0109375 0.028125
11 0.76328125 0.56796875 0.01015625 0.028125
11 0.715625 0.16953125 0.0125 0.090625
11 0.2765625 0.275 0.0109375 0.028125
11 0.31484375 0.3328125 0.01015625 0.028125
11 0.359375 0.340625 0.01640625 0.03671875
9 0.20546875 0.39765625 0.0421875 0.01953125
9 0.38203125 0.3109375 0.02578125 0.0203125