6 0.14609375 0.77421875 0.065625 0.0296875
6 0.14921875 0.75546875 0.065625 0.028125
6 0.28046875 0.83515625 0.0296875 0.03125
6 0.30546875 0.8390625 0.0296875 0.0296875
6 0.2828125 0.8078125 0.03125 0.03125
6 0.31015625 0.8125 0.0296875 0.0296875
6 0.41640625 0.85859375 0.0484375 0.025
6 0.46484375 0.8640625 0.0484375 0.025
6 0.51171875 0.87109375 0.0484375 0.0265625
6 0.759375 0.69609375 0.040625 0.0234375
6 0.72265625 0.69140625 0.040625 0.025
6 0.75703125 0.71328125 0.040625 0.0234375
6 0.71953125 0.709375 0.0390625 0.021875
6 0.78671875 0.48359375 0.0296875 0.03125
6 0.759375 0.48046875 0.03125 0.03125
6 0.76328125 0.453125 0.03125 0.0296875
6 0.78984375 0.45703125 0.0296875 0.0296875
6 0.7015625 0.47265625 0.0296875 0.0296875
6 0.6765625 0.46796875 0.03125 0.03125
6 0.68046875 0.44140625 0.0296875 0.03125
6 0.70625 0.44609375 0.0296875 0.03125
6 0.625 0.43359375 0.03125 0.03125
6 0.56328125 0.46796875 0.0296875 0.03125
6 0.53828125 0.42578125 0.03125 0.0375
6 0.43203125 0.4375 0.03125 0.0328125
6 0.4375 0.41015625 0.0296875 0.0296875
6 0.409375 0.40625 0.03125 0.03125
6 0.403125 0.434375 0.03125 0.0328125
6 0.40078125 0.4609375 0.03125 0.028125
6 0.4296875 0.4640625 0.03125 0.028125
6 0.4859375 0.46015625 0.03125 0.0375
6 0.31640625 0.41953125 0.0328125 0.0296875
6 0.346875 0.42421875 0.0328125 0.028125
6 0.32109375 0.39375 0.03125 0.0296875
6 0.3484375 0.39765625 0.0328125 0.03125
6 0.18515625 0.396875 0.0421875 0.0265625
6 0.18828125 0.37734375 0.040625 0.021875
6 0.22421875 0.40390625 0.040625 0.025
6 0.22578125 0.3828125 0.040625 0.025
6 0.178125 0.45625 0.0390625 0.0265625
6 0.215625 0.4625 0.040625 0.025
6 0.1796875 0.4359375 0.0421875 0.025
6 0.21796875 0.440625 0.0375 0.0234375
6 0.71171875 0.76640625 0.0390625 0.021875
6 0.74921875 0.771875 0.040625 0.021875
6 0.7515625 0.75390625 0.040625 0.0234375
6 0.7140625 0.7484375 0.040625 0.0234375
1 0.725 0.80703125 0.0765625 0.03125
6 0.1578125 0.6890625 0.065625 0.0296875
6 0.1609375 0.6703125 0.065625 0.0296875
3 0.74296875 0.58203125 0.059375 0.0390625
3 0.746875 0.55546875 0.0546875 0.0296875
3 0.1765625 0.56015625 0.0515625 0.04375
3 0.18046875 0.52734375 0.0484375 0.034375
6 0.684375 0.68515625 0.040625 0.0234375
6 0.68203125 0.703125 0.040625 0.021875
2 0.1609375 0.61015625 0.078125 0.0578125
0 0.228125 0.59453125 0.05625 0.05625
10 0.184375 0.4890625 0.0578125 0.0328125
2 0.60859375 0.55234375 0.0796875 0.034375
2 0.38125 0.5453125 0.0515625 0.0390625
9 0.28046875 0.5296875 0.034375 0.0328125
2 0.340625 0.4796875 0.1015625 0.059375
6 0.31171875 0.44921875 0.03125 0.0265625
6 0.340625 0.45234375 0.03125 0.0265625
2 0.71328125 0.6390625 0.0734375 0.040625
11 0.68671875 0.48671875 0.040625 0.0140625
11 0.62734375 0.4765625 0.015625 0.028125
11 0.77109375 0.4984375 0.040625 0.0140625
11 0.56015625 0.425 0.015625 0.0296875
11 0.540625 0.46875 0.015625 0.0375
11 0.484375 0.4171875 0.015625 0.0359375
11 0.4140625 0.47734375 0.040625 0.0140625
11 0.240625 0.45546875 0.0140625 0.0296875
11 0.2484375 0.39609375 0.0140625 0.0296875
11 0.240625 0.796875 0.025 0.0921875
11 0.68984375 0.75390625 0.0140625 0.0296875
11 0.66015625 0.69140625 0.0140625 0.0296875
11 0.6171875 0.67734375 0.021875 0.0390625
9 0.77734375 0.6421875 0.04375 0.025
9 0.590625 0.70390625 0.028125 0.0234375