3 0.440625 0.7 0.06171875 0.0640625
10 0.45546875 0.61796875 0.07421875 0.04375
7 0.14296875 0.6046875 0.040625 0.03671875
7 0.1421875 0.65390625 0.03828125 0.0265625
11 0.14140625 0.57890625 0.03671875 0.0109375
7 0.14375 0.5484375 0.0390625 0.03359375
11 0.1421875 0.52421875 0.0375 0.0109375
11 0.14296875 0.50859375 0.0375 0.0125
11 0.14296875 0.44765625 0.03828125 0.0109375
11 0.140625 0.409375 0.03515625 0.0109375
11 0.15703125 0.37109375 0.0359375 0.01328125
7 0.14140625 0.39140625 0.0421875 0.02421875
7 0.14140625 0.48828125 0.0375 0.0234375
7 0.1421875 0.46953125 0.03828125 0.02421875
6 0.446875 0.56484375 0.0546875 0.03984375
2 0.48046875 0.52421875 0.05625 0.053125
10 0.34765625 0.38984375 0.06328125 0.03671875
13 0.26171875 0.3890625 0.08671875 0.04765625
7 0.46875 0.303125 0.0328125 0.02890625
7 0.52109375 0.303125 0.034375 0.02578125
7 0.4078125 0.3046875 0.05 0.02734375
11 0.44375 0.303125 0.01328125 0.02578125
11 0.49609375 0.30390625 0.0125 0.025
11 0.55 0.3015625 0.01640625 0.02734375
11 0.56640625 0.315625 0.01484375 0.04921875
11 0.66875 0.315625 0.0265625 0.0484375
11 0.7703125 0.3171875 0.02109375 0.04765625
6 0.734375 0.3046875 0.03515625 0.02578125
6 0.73515625 0.328125 0.034375 0.02578125
6 0.70703125 0.32734375 0.0296875 0.02578125
6 0.7078125 0.30390625 0.0328125 0.0265625
6 0.628125 0.30546875 0.0375 0.02578125
6 0.6296875 0.32734375 0.0375 0.0265625
6 0.60078125 0.32734375 0.03359375 0.0265625
6 0.6 0.30390625 0.034375 0.02578125
10 0.64375 0.37578125 0.04765625 0.03203125
10 0.70078125 0.37578125 0.04453125 0.028125
3 0.85703125 0.4078125 0.05703125 0.03203125
2 0.85546875 0.48046875 0.05546875 0.03125
2 0.8546875 0.51796875 0.0484375 0.0296875
9 0.759375 0.521875 0.0265625 0.034375
6 0.734375 0.446875 0.03671875 0.02734375
6 0.734375 0.42421875 0.03515625 0.02734375
6 0.70625 0.42421875 0.03515625 0.028125
6 0.70625 0.446875 0.03515625 0.0265625
6 0.628125 0.44609375 0.0359375 0.0265625
6 0.628125 0.4234375 0.0359375 0.0265625
6 0.6015625 0.4234375 0.03359375 0.025
6 0.60078125 0.446875 0.03515625 0.02734375
11 0.66953125 0.43515625 0.0265625 0.04921875
11 0.565625 0.43515625 0.01640625 0.04921875
11 0.76640625 0.434375 0.01640625 0.05
10 0.45546875 0.4234375 0.06953125 0.03984375
7 0.70546875 0.53828125 0.04765625 0.0265625
7 0.628125 0.53828125 0.04765625 0.028125
7 0.55234375 0.5390625 0.0453125 0.025
11 0.80546875 0.56875 0.0703125 0.01171875
11 0.8046875 0.6375 0.06875 0.0140625
11 0.8046875 0.71640625 0.06953125 0.01328125
6 0.82109375 0.690625 0.03671875 0.02421875
6 0.82109375 0.66953125 0.0390625 0.0234375
6 0.78671875 0.66875 0.034375 0.02421875
6 0.7875 0.690625 0.03359375 0.025
6 0.8203125 0.6140625 0.0375 0.02421875
6 0.78828125 0.6140625 0.0359375 0.0265625
6 0.81953125 0.59375 0.0390625 0.0234375
6 0.7875 0.59296875 0.03671875 0.0234375
7 0.1421875 0.42734375 0.0375 0.021875