3 0.53125 0.70625 0.0703125 0.071875
10 0.52734375 0.62265625 0.0796875 0.053125
7 0.8390625 0.653125 0.0453125 0.0421875
7 0.8328125 0.70234375 0.0421875 0.03125
11 0.84375 0.628125 0.0375 0.015625
7 0.84609375 0.59765625 0.04375 0.0390625
11 0.85078125 0.5734375 0.0390625 0.015625
11 0.85234375 0.5578125 0.0390625 0.0171875
11 0.8609375 0.49765625 0.0390625 0.015625
11 0.86875 0.46015625 0.0359375 0.015625
11 0.8578125 0.4203125 0.0375 0.01875
7 0.8703125 0.4421875 0.0453125 0.0296875
7 0.85703125 0.53828125 0.040625 0.028125
7 0.85859375 0.51953125 0.040625 0.0296875
6 0.54375 0.571875 0.059375 0.046875
2 0.515625 0.5265625 0.0625 0.0609375
10 0.66640625 0.4125 0.0671875 0.0453125
13 0.7515625 0.4234375 0.0921875 0.059375
7 0.55859375 0.309375 0.0359375 0.0328125
7 0.50625 0.30234375 0.0375 0.0296875
7 0.61875 0.31953125 0.053125 0.034375
11 0.5828125 0.3125 0.0171875 0.028125
11 0.53125 0.30625 0.015625 0.0265625
11 0.478125 0.296875 0.0203125 0.0296875
11 0.46015625 0.3078125 0.021875 0.0515625
11 0.35859375 0.29375 0.0328125 0.0515625
11 0.2578125 0.28125 0.028125 0.05
6 0.2953125 0.27421875 0.0390625 0.0296875
6 0.29140625 0.296875 0.0375 0.0296875
6 0.31875 0.3 0.0328125 0.0296875
6 0.321875 0.2765625 0.0359375 0.03125
6 0.4 0.28984375 0.040625 0.03125
6 0.3953125 0.3109375 0.040625 0.03125
6 0.42421875 0.31484375 0.0375 0.03125
6 0.428125 0.2921875 0.0375 0.0296875
10 0.375 0.35703125 0.0515625 0.0390625
10 0.31875 0.34921875 0.0484375 0.034375
3 0.159375 0.359375 0.0609375 0.0390625
2 0.15078125 0.43125 0.059375 0.0390625
2 0.14609375 0.46875 0.0515625 0.0359375
9 0.23984375 0.4859375 0.03125 0.0375
6 0.275 0.41484375 0.040625 0.0328125
6 0.278125 0.3921875 0.0390625 0.03125
6 0.30625 0.39609375 0.0390625 0.0328125
6 0.303125 0.41875 0.0390625 0.03125
6 0.38046875 0.42890625 0.0390625 0.03125
6 0.38359375 0.40625 0.0390625 0.03125
6 0.41015625 0.41015625 0.0375 0.0296875
6 0.4078125 0.43359375 0.0390625 0.03125
11 0.34140625 0.4125 0.0328125 0.053125
11 0.44375 0.4265625 0.0234375 0.0515625
11 0.2453125 0.39765625 0.0234375 0.0515625
10 0.5546875 0.43046875 0.075 0.0484375
7 0.29140625 0.509375 0.0515625 0.0328125
7 0.36796875 0.5203125 0.0515625 0.034375
7 0.44296875 0.53125 0.0484375 0.03125
11 0.18828125 0.52578125 0.071875 0.021875
11 0.17890625 0.59375 0.0703125 0.0234375
11 0.16796875 0.671875 0.0703125 0.0234375
6 0.15546875 0.64375 0.0390625 0.0296875
6 0.15859375 0.6234375 0.0421875 0.028125
6 0.19296875 0.62734375 0.0375 0.028125
6 0.1890625 0.6484375 0.0375 0.0296875
6 0.1671875 0.56875 0.040625 0.0296875
6 0.1984375 0.57265625 0.0390625 0.03125
6 0.1703125 0.5484375 0.0421875 0.028125
6 0.20234375 0.55234375 0.0390625 0.028125
7 0.8640625 0.478125 0.040625 0.0265625