3 0.5734375 0.3046875 0.065625 0.06875
10 0.55234375 0.38515625 0.0765625 0.0484375
7 0.86328125 0.4203125 0.04375 0.0390625
7 0.86796875 0.37109375 0.040625 0.0296875
11 0.86328125 0.44609375 0.0375 0.0140625
7 0.85859375 0.4765625 0.040625 0.0359375
11 0.85859375 0.50078125 0.0375 0.0140625
11 0.85703125 0.51640625 0.0375 0.015625
11 0.85234375 0.57734375 0.0390625 0.0140625
11 0.85234375 0.615625 0.0359375 0.0140625
11 0.8328125 0.65234375 0.0375 0.015625
7 0.85 0.63359375 0.04375 0.0265625
7 0.85703125 0.53671875 0.0390625 0.0265625
7 0.8546875 0.55546875 0.040625 0.0265625
6 0.5578125 0.4390625 0.0578125 0.04375
2 0.52109375 0.47734375 0.059375 0.05625
10 0.64453125 0.6203125 0.065625 0.040625
13 0.7296875 0.62734375 0.0890625 0.053125
7 0.5171875 0.6984375 0.034375 0.03125
7 0.46484375 0.6953125 0.0359375 0.028125
7 0.578125 0.7015625 0.0515625 0.03125
11 0.5421875 0.7 0.015625 0.0265625
11 0.48984375 0.69609375 0.0140625 0.0265625
11 0.4359375 0.69453125 0.01875 0.028125
11 0.42109375 0.67890625 0.01875 0.05
11 0.31875 0.671875 0.0296875 0.05
11 0.21796875 0.66328125 0.025 0.0484375
6 0.25234375 0.678125 0.0375 0.028125
6 0.253125 0.6546875 0.0359375 0.028125
6 0.28125 0.6578125 0.03125 0.028125
6 0.27890625 0.68125 0.034375 0.028125
6 0.35859375 0.68515625 0.0390625 0.028125
6 0.35859375 0.66328125 0.0390625 0.0296875
6 0.3875 0.66484375 0.0359375 0.028125
6 0.38671875 0.68828125 0.0359375 0.028125
10 0.34765625 0.6140625 0.05 0.0359375
10 0.29140625 0.61015625 0.046875 0.03125
3 0.1375 0.5671875 0.059375 0.0359375
2 0.14375 0.49453125 0.0578125 0.034375
2 0.14765625 0.45703125 0.05 0.0328125
9 0.24296875 0.46015625 0.028125 0.0359375
6 0.2625 0.53671875 0.0390625 0.0296875
6 0.2609375 0.559375 0.0375 0.0296875
6 0.2890625 0.5609375 0.0375 0.03125
6 0.290625 0.53828125 0.0375 0.0296875
6 0.36875 0.54453125 0.0375 0.0296875
6 0.3671875 0.5671875 0.0375 0.0296875
6 0.39296875 0.56953125 0.0359375 0.0265625
6 0.39609375 0.54609375 0.0375 0.0296875
11 0.3265625 0.553125 0.0296875 0.0515625
11 0.4296875 0.56015625 0.0203125 0.05
11 0.2296875 0.546875 0.0203125 0.0515625
10 0.5390625 0.5796875 0.071875 0.0453125
7 0.29765625 0.44765625 0.05 0.0296875
7 0.375 0.453125 0.05 0.03125
7 0.45078125 0.45703125 0.046875 0.028125
11 0.2 0.41015625 0.0703125 0.0171875
11 0.20546875 0.34140625 0.0703125 0.01875
11 0.2109375 0.2625 0.0703125 0.01875
6 0.19296875 0.2875 0.0390625 0.0265625
6 0.19140625 0.30859375 0.040625 0.0265625
6 0.22578125 0.31171875 0.0359375 0.0265625
6 0.2265625 0.28984375 0.0359375 0.0265625
6 0.18828125 0.3640625 0.0390625 0.0265625
6 0.2203125 0.36640625 0.0375 0.0296875
6 0.1875 0.384375 0.040625 0.0265625
6 0.21953125 0.3875 0.0375 0.0265625
7 0.8515625 0.59765625 0.0390625 0.025