6 0.46171875 0.14765625 0.02109375 0.0359375
6 0.46171875 0.18125 0.021875 0.03671875
6 0.4625 0.21484375 0.02109375 0.0359375
6 0.44140625 0.21484375 0.02109375 0.034375
6 0.440625 0.18046875 0.021875 0.0375
6 0.44140625 0.14765625 0.021875 0.03515625
6 0.40234375 0.18125 0.02265625 0.03515625
6 0.40234375 0.14765625 0.02265625 0.03515625
6 0.38125 0.14765625 0.02265625 0.0359375
6 0.38125 0.18046875 0.0234375 0.03359375
6 0.39140625 0.2125 0.0265625 0.03046875
6 0.3328125 0.2125 0.0296875 0.0296875
6 0.34453125 0.18125 0.021875 0.03515625
6 0.32421875 0.18125 0.02109375 0.034375
6 0.34453125 0.146875 0.021875 0.03671875
6 0.32421875 0.146875 0.02109375 0.0359375
11 0.3625 0.15625 0.0125 0.053125
11 0.41953125 0.1640625 0.01328125 0.0703125
11 0.38984375 0.2640625 0.00703125 0.0375
11 0.390625 0.33125 0.00625 0.053125
6 0.40546875 0.24921875 0.025 0.02890625
6 0.4046875 0.278125 0.0265625 0.0296875
6 0.43984375 0.2625 0.02265625 0.0359375
6 0.46171875 0.26328125 0.021875 0.03671875
6 0.4625 0.29765625 0.021875 0.03515625
6 0.440625 0.29765625 0.0234375 0.0359375
6 0.43984375 0.33046875 0.0234375 0.03671875
6 0.46171875 0.33046875 0.02421875 0.03671875
6 0.40546875 0.31640625 0.02578125 0.02890625
6 0.40546875 0.3453125 0.02578125 0.02890625
7 0.3234375 0.28828125 0.01953125 0.03046875
6 0.2734375 0.23984375 0.025 0.0296875
6 0.2734375 0.2109375 0.0265625 0.0296875
6 0.24921875 0.2109375 0.02578125 0.0296875
6 0.22578125 0.2109375 0.02578125 0.03046875
6 0.225 0.23984375 0.025 0.0296875
6 0.24921875 0.2390625 0.02578125 0.0296875
6 0.2734375 0.2859375 0.02578125 0.0296875
6 0.24921875 0.28671875 0.02578125 0.0296875
6 0.2734375 0.315625 0.02578125 0.03125
6 0.24921875 0.315625 0.02578125 0.03046875
6 0.225 0.315625 0.025 0.03046875
6 0.22578125 0.2859375 0.02734375 0.03046875
11 0.24921875 0.26328125 0.0484375 0.01015625
6 0.24140625 0.15703125 0.02109375 0.03671875
6 0.221875 0.15703125 0.0203125 0.0375
3 0.2828125 0.15 0.03203125 0.04765625
11 0.2515625 0.35390625 0.025 0.01796875
11 0.23671875 0.3546875 0.00703125 0.01953125
6 0.2734375 0.40234375 0.02578125 0.0296875
6 0.27265625 0.4328125 0.0265625 0.03046875
6 0.24921875 0.4328125 0.02578125 0.03125
6 0.2484375 0.403125 0.0265625 0.03046875
6 0.22578125 0.40234375 0.02578125 0.02890625
6 0.22578125 0.43203125 0.02421875 0.03125
6 0.27265625 0.49609375 0.02578125 0.02890625
6 0.25 0.49609375 0.0265625 0.02890625
6 0.22578125 0.49609375 0.025 0.02890625
6 0.22578125 0.525 0.025 0.0296875
6 0.24921875 0.525 0.0265625 0.0296875
6 0.27265625 0.525 0.025 0.02890625
11 0.24921875 0.47265625 0.04921875 0.009375
3 0.24765625 0.6734375 0.04765625 0.046875
11 0.246875 0.7078125 0.0625 0.009375
11 0.246875 0.790625 0.0609375 0.01015625
6 0.2734375 0.76171875 0.02578125 0.02890625
6 0.24921875 0.76171875 0.02578125 0.03046875
6 0.22578125 0.7609375 0.025 0.02890625
6 0.22578125 0.7328125 0.02578125 0.03125
6 0.24921875 0.73203125 0.02578125 0.03046875
6 0.27265625 0.7328125 0.0265625 0.0296875
6 0.2734375 0.58359375 0.02578125 0.028125
6 0.2734375 0.6125 0.025 0.02890625
6 0.24921875 0.6125 0.025 0.03046875
6 0.24921875 0.584375 0.02578125 0.0296875
6 0.225 0.58359375 0.025 0.02890625
6 0.225 0.61171875 0.025 0.03046875
11 0.24921875 0.63515625 0.04921875 0.01015625
6 0.2734375 0.82265625 0.02578125 0.02890625
6 0.24921875 0.82265625 0.02578125 0.0296875
6 0.22578125 0.82265625 0.025 0.02890625
6 0.2734375 0.8515625 0.02578125 0.02890625
6 0.24921875 0.8515625 0.02578125 0.02890625
6 0.22578125 0.8515625 0.025 0.03046875
11 0.2375 0.88203125 0.02578125 0.00859375
3 0.33359375 0.83828125 0.02578125 0.05
6 0.39453125 0.80078125 0.02109375 0.03515625
6 0.39453125 0.83515625 0.02109375 0.03515625
6 0.39453125 0.86875 0.02109375 0.03671875
6 0.37421875 0.80078125 0.02109375 0.0359375
6 0.37421875 0.83515625 0.021875 0.03515625
6 0.37421875 0.86875 0.02265625 0.03671875
6 0.4578125 0.80078125 0.02109375 0.03515625
6 0.4578125 0.83515625 0.02109375 0.0359375
6 0.4578125 0.86875 0.02109375 0.03515625
6 0.4375 0.86875 0.02265625 0.03515625
6 0.4375 0.83515625 0.02265625 0.0359375
6 0.4375 0.80078125 0.02265625 0.0359375
6 0.503125 0.80078125 0.02109375 0.03515625
6 0.5234375 0.8015625 0.02109375 0.03515625
6 0.5234375 0.83515625 0.02109375 0.0359375
6 0.5234375 0.86875 0.02109375 0.03515625
6 0.503125 0.86875 0.02109375 0.0359375
6 0.50234375 0.83515625 0.02109375 0.0359375
0 0.525 0.65 0.02578125 0.04296875