6 0.40703125 0.8421875 0.0265625 0.0390625
6 0.4125 0.80859375 0.028125 0.0390625
6 0.41796875 0.77578125 0.0265625 0.0390625
6 0.39765625 0.77265625 0.0265625 0.0375
6 0.39140625 0.80625 0.028125 0.040625
6 0.38671875 0.8390625 0.0265625 0.0375
6 0.35390625 0.79921875 0.028125 0.0375
6 0.3484375 0.8328125 0.028125 0.0375
6 0.32734375 0.8296875 0.028125 0.0390625
6 0.3328125 0.796875 0.028125 0.0375
6 0.34765625 0.7671875 0.03125 0.034375
6 0.28984375 0.7578125 0.034375 0.034375
6 0.296875 0.790625 0.0265625 0.0375
6 0.2765625 0.7875 0.0265625 0.0375
6 0.29140625 0.82421875 0.028125 0.0390625
6 0.27109375 0.82109375 0.0265625 0.0390625
11 0.31015625 0.81796875 0.0203125 0.0546875
11 0.36796875 0.81953125 0.0234375 0.071875
11 0.35390625 0.715625 0.0125 0.0375
11 0.365625 0.64921875 0.0140625 0.053125
6 0.3671875 0.7328125 0.0296875 0.0328125
6 0.37109375 0.70390625 0.03125 0.0328125
6 0.403125 0.725 0.028125 0.0390625
6 0.425 0.728125 0.028125 0.0390625
6 0.43125 0.69375 0.0265625 0.0375
6 0.409375 0.690625 0.028125 0.0390625
6 0.4140625 0.6578125 0.028125 0.040625
6 0.4359375 0.66171875 0.0296875 0.040625
6 0.378125 0.66640625 0.0296875 0.0328125
6 0.3828125 0.63828125 0.0296875 0.0328125
7 0.2921875 0.68125 0.0234375 0.0328125
6 0.23515625 0.721875 0.0296875 0.0328125
6 0.23125 0.75 0.03125 0.0328125
6 0.20703125 0.74609375 0.0296875 0.0328125
6 0.18359375 0.74296875 0.0296875 0.034375
6 0.1875 0.7140625 0.0296875 0.0328125
6 0.21171875 0.71875 0.0296875 0.0328125
6 0.24296875 0.67578125 0.0296875 0.0328125
6 0.21875 0.67109375 0.0296875 0.0328125
6 0.24765625 0.646875 0.0296875 0.034375
6 0.2234375 0.64296875 0.0296875 0.034375
6 0.19921875 0.6390625 0.0296875 0.034375
6 0.1953125 0.66875 0.03125 0.034375
11 0.215625 0.69453125 0.05 0.0171875
6 0.190625 0.7984375 0.0265625 0.0390625
6 0.171875 0.7953125 0.0265625 0.040625
3 0.23046875 0.81171875 0.0390625 0.0515625
11 0.23203125 0.60546875 0.028125 0.021875
11 0.2171875 0.60234375 0.009375 0.0203125
6 0.2609375 0.5609375 0.0296875 0.0328125
6 0.26484375 0.53046875 0.03125 0.034375
6 0.24140625 0.52734375 0.0296875 0.034375
6 0.23671875 0.55625 0.03125 0.034375
6 0.2140625 0.55390625 0.0296875 0.0328125
6 0.21875 0.52421875 0.028125 0.034375
6 0.275 0.46796875 0.0296875 0.0328125
6 0.25234375 0.46484375 0.03125 0.0328125
6 0.22890625 0.4609375 0.0296875 0.0328125
6 0.2328125 0.43203125 0.0296875 0.0328125
6 0.25625 0.4359375 0.03125 0.0328125
6 0.2796875 0.43984375 0.0296875 0.0328125
11 0.24765625 0.4875 0.05 0.0171875
3 0.278125 0.2890625 0.0546875 0.053125
11 0.2828125 0.25546875 0.0625 0.01875
11 0.2953125 0.1734375 0.0625 0.0203125
6 0.3171875 0.20625 0.0296875 0.0328125
6 0.29296875 0.20234375 0.0296875 0.034375
6 0.2703125 0.19921875 0.0296875 0.0328125
6 0.265625 0.22734375 0.0296875 0.034375
6 0.28828125 0.23125 0.0296875 0.034375
6 0.31171875 0.234375 0.03125 0.0328125
6 0.2890625 0.38203125 0.0296875 0.03125
6 0.29375 0.353125 0.0296875 0.0328125
6 0.26953125 0.35 0.0296875 0.034375
6 0.265625 0.37734375 0.0296875 0.0328125
6 0.24140625 0.37421875 0.0296875 0.0328125
6 0.24609375 0.346875 0.0296875 0.034375
11 0.2734375 0.32734375 0.05 0.0171875
6 0.3265625 0.14609375 0.0296875 0.0328125
6 0.303125 0.1421875 0.0296875 0.0328125
6 0.2796875 0.13828125 0.0296875 0.0328125
6 0.33125 0.1171875 0.0296875 0.0328125
6 0.30703125 0.11328125 0.0296875 0.0328125
6 0.284375 0.11015625 0.0296875 0.034375
11 0.30078125 0.08125 0.0265625 0.0125
3 0.38828125 0.13984375 0.0328125 0.053125
6 0.44296875 0.18671875 0.0265625 0.0375
6 0.4484375 0.15234375 0.0265625 0.0375
6 0.453125 0.11953125 0.0265625 0.0390625
6 0.42265625 0.18359375 0.0265625 0.0390625
6 0.428125 0.14921875 0.0265625 0.0375
6 0.43359375 0.11640625 0.028125 0.0390625
6 0.50546875 0.19609375 0.0265625 0.0375
6 0.5109375 0.1625 0.0265625 0.0390625
6 0.51640625 0.12890625 0.0265625 0.0375
6 0.49609375 0.12578125 0.028125 0.0375
6 0.490625 0.159375 0.028125 0.0390625
6 0.48515625 0.19296875 0.028125 0.0390625
6 0.55 0.203125 0.0265625 0.0375
6 0.5703125 0.20546875 0.0265625 0.0375
6 0.57578125 0.17265625 0.0265625 0.0390625
6 0.58046875 0.13984375 0.0265625 0.0375
6 0.5609375 0.1359375 0.0265625 0.0390625
6 0.5546875 0.16953125 0.0265625 0.0390625
0 0.5484375 0.35546875 0.0328125 0.046875