6 0.53828125 0.85234375 0.021875 0.0359375
6 0.53828125 0.81875 0.021875 0.0375
6 0.5375 0.78515625 0.021875 0.0359375
6 0.55859375 0.78515625 0.021875 0.034375
6 0.559375 0.81953125 0.021875 0.0375
6 0.55859375 0.85234375 0.021875 0.034375
6 0.59765625 0.81875 0.021875 0.034375
6 0.59765625 0.85234375 0.021875 0.034375
6 0.61875 0.85234375 0.021875 0.0359375
6 0.61875 0.81953125 0.0234375 0.034375
6 0.60859375 0.7875 0.0265625 0.03125
6 0.6671875 0.7875 0.0296875 0.0296875
6 0.65546875 0.81875 0.021875 0.034375
6 0.67578125 0.81875 0.021875 0.034375
6 0.65546875 0.853125 0.021875 0.0375
6 0.67578125 0.853125 0.021875 0.0359375
11 0.6375 0.84375 0.0125 0.053125
11 0.58046875 0.8359375 0.0125 0.0703125
11 0.61015625 0.7359375 0.00625 0.0375
11 0.609375 0.66875 0.00625 0.053125
6 0.59453125 0.75078125 0.025 0.028125
6 0.5953125 0.721875 0.0265625 0.0296875
6 0.56015625 0.7375 0.021875 0.0359375
6 0.53828125 0.73671875 0.021875 0.0375
6 0.5375 0.70234375 0.021875 0.034375
6 0.559375 0.70234375 0.0234375 0.0359375
6 0.56015625 0.66953125 0.0234375 0.0375
6 0.53828125 0.66953125 0.025 0.0375
6 0.59453125 0.68359375 0.025 0.028125
6 0.59453125 0.6546875 0.025 0.028125
7 0.6765625 0.71171875 0.01875 0.03125
6 0.7265625 0.76015625 0.025 0.0296875
6 0.7265625 0.7890625 0.0265625 0.0296875
6 0.75078125 0.7890625 0.025 0.0296875
6 0.77421875 0.7890625 0.025 0.03125
6 0.775 0.76015625 0.025 0.0296875
6 0.75078125 0.7609375 0.025 0.0296875
6 0.7265625 0.7140625 0.025 0.0296875
6 0.75078125 0.71328125 0.025 0.0296875
6 0.7265625 0.684375 0.025 0.03125
6 0.75078125 0.684375 0.025 0.03125
6 0.775 0.684375 0.025 0.03125
6 0.77421875 0.7140625 0.028125 0.03125
11 0.75078125 0.73671875 0.0484375 0.009375
6 0.75859375 0.84296875 0.021875 0.0375
6 0.778125 0.84296875 0.0203125 0.0375
3 0.7171875 0.85 0.03125 0.046875
11 0.7484375 0.64609375 0.025 0.01875
11 0.76328125 0.6453125 0.00625 0.01875
6 0.7265625 0.59765625 0.025 0.0296875
6 0.72734375 0.5671875 0.0265625 0.03125
6 0.75078125 0.5671875 0.025 0.03125
6 0.7515625 0.596875 0.0265625 0.03125
6 0.77421875 0.59765625 0.025 0.028125
6 0.77421875 0.56796875 0.025 0.03125
6 0.72734375 0.50390625 0.025 0.028125
6 0.75 0.50390625 0.0265625 0.028125
6 0.77421875 0.50390625 0.025 0.028125
6 0.77421875 0.475 0.025 0.0296875
6 0.75078125 0.475 0.0265625 0.0296875
6 0.72734375 0.475 0.025 0.028125
11 0.75078125 0.52734375 0.05 0.009375
3 0.75234375 0.3265625 0.046875 0.046875
11 0.753125 0.2921875 0.0625 0.009375
11 0.753125 0.209375 0.0609375 0.009375
6 0.7265625 0.23828125 0.025 0.028125
6 0.75078125 0.23828125 0.025 0.03125
6 0.77421875 0.2390625 0.025 0.028125
6 0.77421875 0.2671875 0.025 0.03125
6 0.75078125 0.26796875 0.025 0.03125
6 0.72734375 0.2671875 0.0265625 0.0296875
6 0.7265625 0.41640625 0.025 0.028125
6 0.7265625 0.3875 0.025 0.028125
6 0.75078125 0.3875 0.025 0.03125
6 0.75078125 0.415625 0.025 0.0296875
6 0.775 0.41640625 0.025 0.028125
6 0.775 0.38828125 0.025 0.03125
11 0.75078125 0.36484375 0.05 0.009375
6 0.7265625 0.17734375 0.025 0.028125
6 0.75078125 0.17734375 0.025 0.0296875
6 0.77421875 0.17734375 0.025 0.028125
6 0.7265625 0.1484375 0.025 0.028125
6 0.75078125 0.1484375 0.025 0.028125
6 0.77421875 0.1484375 0.025 0.03125
11 0.7625 0.11796875 0.025 0.009375
3 0.66640625 0.16171875 0.025 0.05
6 0.60546875 0.19921875 0.021875 0.034375
6 0.60546875 0.16484375 0.021875 0.034375
6 0.60546875 0.13125 0.021875 0.0375
6 0.62578125 0.19921875 0.021875 0.0359375
6 0.62578125 0.16484375 0.021875 0.034375
6 0.62578125 0.13125 0.021875 0.0375
6 0.5421875 0.19921875 0.021875 0.034375
6 0.5421875 0.16484375 0.021875 0.0359375
6 0.5421875 0.13125 0.021875 0.034375
6 0.5625 0.13125 0.021875 0.034375
6 0.5625 0.16484375 0.021875 0.0359375
6 0.5625 0.19921875 0.021875 0.0359375
6 0.496875 0.19921875 0.021875 0.034375
6 0.4765625 0.1984375 0.021875 0.034375
6 0.4765625 0.16484375 0.021875 0.0359375
6 0.4765625 0.13125 0.021875 0.034375
6 0.496875 0.13125 0.021875 0.0359375
6 0.49765625 0.16484375 0.021875 0.0359375
0 0.475 0.35 0.025 0.04375