6 0.4421875 0.16484375 0.028125 0.0390625
6 0.44921875 0.1984375 0.0296875 0.040625
6 0.45546875 0.23125 0.0296875 0.040625
6 0.475 0.22734375 0.028125 0.0421875
6 0.46953125 0.19375 0.028125 0.040625
6 0.4609375 0.16015625 0.028125 0.0390625
6 0.490625 0.15390625 0.0328125 0.0359375
6 0.49609375 0.1828125 0.0328125 0.034375
0 0.53515625 0.18046875 0.0296875 0.0390625
7 0.5203125 0.1515625 0.0375 0.0421875
6 0.55703125 0.1375 0.0296875 0.040625
6 0.57578125 0.13359375 0.0265625 0.0390625
0 0.61328125 0.1515625 0.05 0.0546875
2 0.659375 0.1125 0.0421875 0.0375
6 0.67265625 0.1609375 0.034375 0.0578125
11 0.55859375 0.18203125 0.0109375 0.0203125
11 0.59140625 0.1625 0.0125 0.021875
6 0.4671875 0.28359375 0.028125 0.0390625
6 0.47265625 0.31640625 0.0296875 0.040625
6 0.48125 0.35 0.0296875 0.040625
6 0.50078125 0.3453125 0.03125 0.040625
6 0.49296875 0.31328125 0.0296875 0.0390625
6 0.48671875 0.27890625 0.03125 0.0390625
6 0.52890625 0.3 0.03125 0.034375
6 0.534375 0.328125 0.0296875 0.034375
11 0.54375 0.3015625 0.028125 0.103125
6 0.7078125 0.28046875 0.03125 0.0359375
6 0.68125 0.27421875 0.0328125 0.0359375
0 0.66953125 0.22734375 0.03125 0.034375
7 0.68984375 0.20859375 0.0359375 0.0484375
11 0.7 0.31484375 0.0515625 0.0203125
11 0.6859375 0.30859375 0.0171875 0.0125
6 0.71953125 0.334375 0.0296875 0.0328125
6 0.69609375 0.3390625 0.03125 0.0359375
6 0.6734375 0.3453125 0.03125 0.034375
6 0.678125 0.3734375 0.03125 0.034375
6 0.70234375 0.36953125 0.03125 0.034375
6 0.72578125 0.36328125 0.03125 0.0359375
6 0.73359375 0.3984375 0.03125 0.034375
6 0.709375 0.4046875 0.03125 0.034375
6 0.68671875 0.40859375 0.0328125 0.0359375
6 0.69296875 0.4375 0.03125 0.034375
6 0.715625 0.4328125 0.0296875 0.034375
6 0.7390625 0.42734375 0.03125 0.0359375
11 0.721875 0.4609375 0.0734375 0.025
6 0.75078125 0.4828125 0.03125 0.034375
6 0.728125 0.4875 0.03125 0.034375
6 0.7046875 0.4921875 0.03125 0.034375
6 0.7109375 0.521875 0.0296875 0.0328125
6 0.734375 0.51640625 0.03125 0.034375
6 0.75703125 0.51171875 0.03125 0.0359375
11 0.71484375 0.55 0.0140625 0.0109375
6 0.77109375 0.571875 0.028125 0.040625
6 0.75234375 0.590625 0.0296875 0.0328125
6 0.746875 0.5640625 0.03125 0.034375
3 0.72578125 0.59921875 0.0296875 0.034375
3 0.765625 0.6359375 0.04375 0.040625
3 0.78515625 0.7109375 0.0578125 0.05
11 0.77265625 0.67265625 0.059375 0.025
11 0.7875 0.74921875 0.0609375 0.025
11 0.73671875 0.70703125 0.0171875 0.04375
11 0.79453125 0.76171875 0.05 0.01875
6 0.79765625 0.79765625 0.028125 0.0390625
6 0.8046875 0.83125 0.028125 0.0375
6 0.825 0.82734375 0.028125 0.0375
6 0.81796875 0.79375 0.028125 0.0390625
6 0.76328125 0.80625 0.0265625 0.0390625
6 0.7703125 0.8390625 0.028125 0.0390625
6 0.7421875 0.809375 0.0296875 0.040625
6 0.7484375 0.84296875 0.0296875 0.040625
11 0.728125 0.8296875 0.021875 0.0703125
11 0.6734375 0.84140625 0.021875 0.06875
6 0.6875 0.821875 0.028125 0.0390625
6 0.69375 0.8546875 0.028125 0.0375
6 0.7140625 0.85 0.028125 0.0390625
6 0.70703125 0.8171875 0.0265625 0.0390625
6 0.65234375 0.8296875 0.028125 0.040625
6 0.63125 0.8328125 0.0265625 0.0390625
6 0.63828125 0.86640625 0.028125 0.0390625
6 0.65859375 0.8625 0.028125 0.0375
6 0.59609375 0.840625 0.028125 0.040625
6 0.5765625 0.84453125 0.028125 0.040625
6 0.58359375 0.878125 0.028125 0.0375
6 0.603125 0.87421875 0.028125 0.0375
6 0.540625 0.85234375 0.028125 0.040625
6 0.5203125 0.85546875 0.028125 0.040625
6 0.528125 0.890625 0.028125 0.0375
6 0.54765625 0.8859375 0.028125 0.0375
11 0.56171875 0.865625 0.021875 0.0703125
6 0.5078125 0.8046875 0.03125 0.040625
6 0.53046875 0.8 0.028125 0.0375
3 0.48515625 0.675 0.0359375 0.05
11 0.5234375 0.66953125 0.0171875 0.0390625
2 0.46796875 0.5515625 0.028125 0.0375
9 0.459375 0.45390625 0.01875 0.0375
9 0.40703125 0.3359375 0.01875 0.0390625
9 0.425 0.284375 0.01875 0.0375
9 0.38359375 0.2296875 0.0203125 0.040625
9 0.38671875 0.17109375 0.028125 0.01875