6 0.528125 0.1609375 0.0265625 0.0390625
6 0.52421875 0.1953125 0.0265625 0.0390625
6 0.52109375 0.22890625 0.0265625 0.040625
6 0.5015625 0.2265625 0.025 0.040625
6 0.50390625 0.1921875 0.025 0.0390625
6 0.50859375 0.1578125 0.0265625 0.0390625
6 0.4796875 0.1546875 0.03125 0.034375
6 0.4765625 0.18359375 0.03125 0.0328125
0 0.4375 0.184375 0.0265625 0.0375
7 0.44921875 0.1546875 0.034375 0.040625
6 0.41171875 0.14375 0.0265625 0.0390625
6 0.39296875 0.14140625 0.025 0.0375
0 0.35625 0.1625 0.046875 0.0515625
2 0.30703125 0.12734375 0.0390625 0.034375
6 0.2984375 0.17734375 0.03125 0.05625
11 0.4140625 0.18828125 0.009375 0.0203125
11 0.3796875 0.171875 0.0109375 0.021875
6 0.51328125 0.28125 0.025 0.0375
6 0.5109375 0.31484375 0.0265625 0.0390625
6 0.50625 0.3484375 0.0265625 0.0390625
6 0.4859375 0.34609375 0.028125 0.0390625
6 0.490625 0.31328125 0.028125 0.0375
6 0.49375 0.27890625 0.028125 0.0375
6 0.45390625 0.303125 0.0296875 0.03125
6 0.45078125 0.33203125 0.028125 0.0328125
11 0.4390625 0.30625 0.0203125 0.1046875
6 0.2734375 0.3 0.0296875 0.0328125
6 0.3 0.29140625 0.0296875 0.0328125
0 0.30703125 0.24296875 0.028125 0.0328125
7 0.2859375 0.2265625 0.03125 0.046875
11 0.284375 0.3328125 0.0515625 0.015625
11 0.29765625 0.32578125 0.015625 0.0125
6 0.2671875 0.35390625 0.028125 0.03125
6 0.290625 0.35703125 0.0296875 0.0328125
6 0.3140625 0.3609375 0.028125 0.0328125
6 0.3109375 0.38984375 0.0296875 0.0328125
6 0.2875 0.3875 0.028125 0.0328125
6 0.26328125 0.38359375 0.028125 0.034375
6 0.25859375 0.41953125 0.0296875 0.03125
6 0.2828125 0.42265625 0.028125 0.0328125
6 0.30625 0.425 0.0296875 0.0328125
6 0.30234375 0.4546875 0.0296875 0.0328125
6 0.27890625 0.4515625 0.028125 0.0328125
6 0.25546875 0.4484375 0.0296875 0.0328125
11 0.27578125 0.48046875 0.0734375 0.01875
6 0.2484375 0.5046875 0.028125 0.0328125
6 0.271875 0.50703125 0.028125 0.0328125
6 0.2953125 0.51015625 0.028125 0.0328125
6 0.2921875 0.53984375 0.028125 0.03125
6 0.26796875 0.53671875 0.028125 0.0328125
6 0.24453125 0.534375 0.028125 0.034375
11 0.28984375 0.56875 0.0140625 0.009375
6 0.23671875 0.5953125 0.025 0.0390625
6 0.25625 0.6125 0.028125 0.03125
6 0.259375 0.58515625 0.0296875 0.03125
3 0.28359375 0.61796875 0.0265625 0.0328125
3 0.24765625 0.65859375 0.0421875 0.0375
3 0.234375 0.73515625 0.0546875 0.046875
11 0.24375 0.69609375 0.059375 0.0203125
11 0.23515625 0.7734375 0.0609375 0.0203125
11 0.2828125 0.7265625 0.0140625 0.04375
11 0.2296875 0.78671875 0.05 0.0140625
6 0.2296875 0.82265625 0.0265625 0.0375
6 0.22578125 0.85703125 0.0265625 0.0375
6 0.2046875 0.85390625 0.025 0.0359375
6 0.20859375 0.8203125 0.025 0.0375
6 0.26484375 0.82734375 0.025 0.0375
6 0.26015625 0.8609375 0.025 0.0375
6 0.2859375 0.8296875 0.028125 0.0390625
6 0.28203125 0.86328125 0.028125 0.0390625
11 0.3015625 0.8484375 0.015625 0.0703125
11 0.35703125 0.85546875 0.015625 0.0703125
6 0.34140625 0.83671875 0.025 0.0375
6 0.33828125 0.8703125 0.025 0.0359375
6 0.3171875 0.8671875 0.025 0.0375
6 0.32109375 0.83359375 0.025 0.0375
6 0.37734375 0.84140625 0.025 0.0390625
6 0.39765625 0.84296875 0.025 0.0375
6 0.39375 0.87734375 0.0265625 0.0375
6 0.3734375 0.875 0.025 0.0359375
6 0.43359375 0.84765625 0.025 0.0390625
6 0.45390625 0.85 0.025 0.0390625
6 0.45 0.884375 0.025 0.0359375
6 0.4296875 0.88203125 0.025 0.0359375
6 0.490625 0.8546875 0.025 0.0390625
6 0.5109375 0.85625 0.025 0.0390625
6 0.50625 0.89140625 0.025 0.0359375
6 0.4859375 0.8890625 0.025 0.0359375
11 0.4703125 0.86953125 0.015625 0.0703125
6 0.51875 0.8046875 0.028125 0.0390625
6 0.49609375 0.8015625 0.025 0.0359375
3 0.5296875 0.67265625 0.0328125 0.0484375
11 0.49140625 0.6703125 0.0140625 0.0390625
2 0.53671875 0.5484375 0.025 0.0359375
9 0.53671875 0.45 0.015625 0.0375
9 0.578125 0.32890625 0.015625 0.0390625
9 0.55546875 0.27890625 0.015625 0.0375
9 0.5921875 0.22109375 0.0171875 0.0390625
9 0.58359375 0.1625 0.0265625 0.0171875