6 0.48671875 0.16015625 0.021875 0.0359375
6 0.48671875 0.19453125 0.021875 0.03671875
6 0.4875 0.228125 0.02265625 0.0375
6 0.46796875 0.228125 0.02109375 0.03828125
6 0.46640625 0.19375 0.02109375 0.0375
6 0.4671875 0.159375 0.021875 0.0359375
6 0.4375 0.159375 0.02734375 0.03125
6 0.43828125 0.1890625 0.02734375 0.0296875
0 0.39921875 0.19453125 0.02265625 0.03515625
7 0.4078125 0.16328125 0.03046875 0.03671875
6 0.36875 0.15703125 0.021875 0.03671875
6 0.35 0.15703125 0.0203125 0.0359375
0 0.31640625 0.1828125 0.040625 0.04765625
2 0.26328125 0.15390625 0.0359375 0.03046875
6 0.2609375 0.20390625 0.02421875 0.05390625
11 0.3765625 0.20078125 0.0078125 0.01953125
11 0.340625 0.1890625 0.0078125 0.0203125
6 0.48671875 0.28125 0.02109375 0.0359375
6 0.48828125 0.31484375 0.021875 0.03671875
6 0.4875 0.34921875 0.021875 0.03671875
6 0.4671875 0.34921875 0.0234375 0.03671875
6 0.46796875 0.315625 0.0234375 0.03515625
6 0.4671875 0.28125 0.02421875 0.03515625
6 0.43046875 0.31015625 0.02578125 0.02890625
6 0.43046875 0.3390625 0.02421875 0.0296875
11 0.415625 0.31484375 0.00703125 0.10390625
6 0.25078125 0.32890625 0.02578125 0.03046875
6 0.27578125 0.3171875 0.0265625 0.03046875
0 0.27734375 0.26875 0.025 0.03046875
7 0.25390625 0.2546875 0.0265625 0.04453125
11 0.265625 0.36015625 0.05 0.01015625
11 0.278125 0.3515625 0.01484375 0.01015625
6 0.25078125 0.38359375 0.025 0.02890625
6 0.275 0.38359375 0.02578125 0.03046875
6 0.2984375 0.384375 0.025 0.0296875
6 0.29921875 0.41328125 0.02578125 0.0296875
6 0.275 0.4140625 0.025 0.0296875
6 0.25078125 0.41328125 0.025 0.03125
6 0.25078125 0.44921875 0.02578125 0.02890625
6 0.275 0.45 0.025 0.03046875
6 0.2984375 0.44921875 0.0265625 0.03046875
6 0.2984375 0.47890625 0.02578125 0.0296875
6 0.275 0.47890625 0.02421875 0.0296875
6 0.25078125 0.47890625 0.02578125 0.03046875
11 0.275 0.5078125 0.0734375 0.009375
6 0.25078125 0.53515625 0.025 0.0296875
6 0.27421875 0.53515625 0.025 0.03046875
6 0.2984375 0.53515625 0.025 0.03046875
6 0.2984375 0.56484375 0.025 0.02890625
6 0.27421875 0.56484375 0.025 0.03046875
6 0.25078125 0.56484375 0.025 0.03125
11 0.3 0.59375 0.01328125 0.00859375
6 0.25 0.6265625 0.02109375 0.03671875
6 0.271875 0.64140625 0.025 0.028125
6 0.271875 0.6140625 0.02578125 0.02890625
3 0.3 0.64375 0.0234375 0.0296875
3 0.26875 0.68828125 0.03828125 0.03359375
3 0.26484375 0.765625 0.05078125 0.040625
11 0.26953125 0.72578125 0.05859375 0.01328125
11 0.2703125 0.80390625 0.059375 0.01328125
11 0.31171875 0.7515625 0.00859375 0.04296875
11 0.26640625 0.8171875 0.05 0.00859375
6 0.27109375 0.853125 0.021875 0.03515625
6 0.27109375 0.8875 0.021875 0.034375
6 0.25 0.8875 0.02109375 0.034375
6 0.25 0.853125 0.02109375 0.0359375
6 0.30625 0.85390625 0.0203125 0.0359375
6 0.30625 0.8875 0.02109375 0.03515625
6 0.32734375 0.853125 0.0234375 0.0359375
6 0.328125 0.8875 0.0234375 0.0359375
11 0.3453125 0.8703125 0.0078125 0.0703125
11 0.4015625 0.8703125 0.00703125 0.06953125
6 0.38359375 0.85390625 0.02109375 0.03515625
6 0.384375 0.8875 0.02109375 0.034375
6 0.36328125 0.88671875 0.02109375 0.03515625
6 0.36328125 0.853125 0.0203125 0.03515625
6 0.41953125 0.85390625 0.0203125 0.03671875
6 0.440625 0.853125 0.0203125 0.0359375
6 0.440625 0.8875 0.021875 0.03515625
6 0.4203125 0.8875 0.02109375 0.034375
6 0.4765625 0.853125 0.02109375 0.03671875
6 0.496875 0.853125 0.0203125 0.03671875
6 0.496875 0.8875 0.02109375 0.034375
6 0.4765625 0.8875 0.02109375 0.03359375
6 0.53359375 0.853125 0.0203125 0.03671875
6 0.55390625 0.85234375 0.02109375 0.0375
6 0.55390625 0.8875 0.02109375 0.034375
6 0.53359375 0.8875 0.02109375 0.034375
11 0.515625 0.8703125 0.00703125 0.0703125
6 0.55546875 0.8 0.02421875 0.0359375
6 0.5328125 0.8 0.02109375 0.034375
3 0.55078125 0.66796875 0.02734375 0.04609375
11 0.5125 0.6703125 0.009375 0.03828125
2 0.5421875 0.54375 0.02109375 0.034375
9 0.53046875 0.44609375 0.0109375 0.0359375
9 0.55703125 0.3203125 0.0109375 0.03828125
9 0.528125 0.2734375 0.0109375 0.0359375
9 0.5578125 0.21171875 0.0125 0.03828125
9 0.5421875 0.1546875 0.02578125 0.0140625