6 0.1765625 0.09609375 0.04140625 0.0578125
6 0.1765625 0.1484375 0.040625 0.05703125
6 0.13984375 0.14765625 0.03984375 0.05703125
6 0.13984375 0.0953125 0.03984375 0.05625
6 0.275 0.14609375 0.040625 0.05625
6 0.275 0.09375 0.040625 0.05859375
6 0.2390625 0.09375 0.04140625 0.06015625
6 0.2390625 0.14609375 0.0421875 0.05625
6 0.36953125 0.13203125 0.03984375 0.0578125
6 0.36953125 0.0796875 0.040625 0.0546875
6 0.33359375 0.08046875 0.03984375 0.05546875
6 0.33359375 0.13125 0.04140625 0.05703125
6 0.46328125 0.12734375 0.040625 0.05703125
6 0.46328125 0.07421875 0.0390625 0.0578125
6 0.42734375 0.075 0.03984375 0.059375
6 0.42734375 0.12734375 0.040625 0.05625
6 0.5609375 0.07109375 0.03984375 0.05546875
6 0.56171875 0.1234375 0.03984375 0.059375
6 0.52578125 0.1234375 0.0390625 0.0609375
6 0.525 0.07109375 0.0390625 0.0546875
6 0.6546875 0.071875 0.040625 0.05625
6 0.6546875 0.125 0.03984375 0.05859375
6 0.6203125 0.125 0.0375 0.05859375
11 0.59453125 0.11171875 0.01015625 0.0328125
11 0.59453125 0.140625 0.01171875 0.03359375
11 0.59375 0.17109375 0.0109375 0.0328125
6 0.61953125 0.071875 0.03828125 0.05546875
3 0.815625 0.11328125 0.05234375 0.090625
3 0.72578125 0.10546875 0.053125 0.08984375
3 0.9203125 0.14296875 0.05625 0.128125
3 0.6203125 0.32890625 0.075 0.08046875
3 0.61953125 0.41640625 0.075 0.08125
2 0.6921875 0.39765625 0.05859375 0.1578125
5 0.70703125 0.29765625 0.02890625 0.053125
5 0.78203125 0.38671875 0.02421875 0.0375
6 0.76640625 0.31171875 0.0546875 0.09765625
2 0.7578125 0.42109375 0.06484375 0.10546875
1 0.55546875 0.38515625 0.0453125 0.11484375
6 0.57578125 0.64296875 0.0359375 0.0640625
6 0.575 0.5875 0.0359375 0.06328125
11 0.61328125 0.63984375 0.0109375 0.0671875
11 0.54765625 0.63984375 0.01171875 0.06796875
6 0.51015625 0.64375 0.03515625 0.0640625
6 0.51015625 0.5875 0.03515625 0.0609375
9 0.45625 0.63046875 0.0453125 0.084375
9 0.4 0.63125 0.04375 0.0796875
8 0.06015625 0.57265625 0.021875 0.03828125
6 0.434375 0.4015625 0.040625 0.06015625
6 0.434375 0.35 0.04140625 0.05703125
6 0.434375 0.2984375 0.0421875 0.0578125
6 0.3984375 0.2984375 0.03984375 0.059375
6 0.3984375 0.35078125 0.04140625 0.05703125
6 0.39765625 0.4015625 0.0421875 0.06015625
6 0.3375 0.4015625 0.040625 0.0578125
6 0.33828125 0.35 0.040625 0.05625
6 0.3375 0.296875 0.040625 0.0578125
6 0.3015625 0.296875 0.040625 0.05859375
6 0.3015625 0.35078125 0.04140625 0.05625
6 0.3015625 0.4015625 0.04140625 0.05625
6 0.240625 0.4015625 0.04140625 0.05703125
6 0.240625 0.34921875 0.04140625 0.05625
6 0.240625 0.296875 0.0421875 0.05703125
6 0.20390625 0.296875 0.040625 0.05859375
6 0.20390625 0.35 0.04140625 0.0546875
6 0.20390625 0.40234375 0.040625 0.05625
6 0.15078125 0.40078125 0.04140625 0.05859375
6 0.15078125 0.34921875 0.04140625 0.05703125
6 0.15078125 0.296875 0.040625 0.05859375
6 0.06796875 0.47578125 0.03828125 0.06328125
6 0.06796875 0.41796875 0.03828125 0.06484375
6 0.034375 0.41796875 0.03828125 0.06484375
6 0.03515625 0.47578125 0.0375 0.0625
6 0.0671875 0.334375 0.0375 0.06328125
6 0.034375 0.334375 0.0359375 0.0640625
6 0.0671875 0.27734375 0.0375 0.06328125
6 0.03515625 0.2765625 0.03515625 0.0640625
6 0.08671875 0.10234375 0.040625 0.05859375
6 0.08671875 0.1546875 0.040625 0.0578125
6 0.05 0.1546875 0.040625 0.059375
6 0.05078125 0.1015625 0.040625 0.059375
6 0.7640625 0.80234375 0.04140625 0.0578125
6 0.72890625 0.771875 0.03984375 0.06328125
6 0.69453125 0.771875 0.03515625 0.06328125
6 0.6953125 0.8296875 0.0359375 0.06484375
6 0.72734375 0.8296875 0.03828125 0.065625
6 0.784375 0.94375 0.0390625 0.0546875
6 0.73515625 0.94453125 0.03828125 0.05625
6 0.6984375 0.94453125 0.03984375 0.0578125
6 0.9484375 0.8578125 0.03671875 0.0625
6 0.915625 0.85703125 0.0375 0.06171875
6 0.8828125 0.85703125 0.0390625 0.0640625
6 0.88203125 0.91328125 0.0390625 0.06328125
6 0.91640625 0.91328125 0.03671875 0.06484375
6 0.94921875 0.91328125 0.03515625 0.06640625
6 0.9390625 0.7515625 0.0390625 0.05625
6 0.903125 0.7515625 0.03828125 0.05703125