6 0.79453125 0.92578125 0.0453125 0.0609375
6 0.7984375 0.8734375 0.04375 0.059375
6 0.834375 0.8765625 0.04375 0.059375
6 0.83125 0.92890625 0.04375 0.059375
6 0.7 0.86875 0.04375 0.059375
6 0.69609375 0.92109375 0.0453125 0.0609375
6 0.73203125 0.9234375 0.0453125 0.0625
6 0.7359375 0.87109375 0.0453125 0.059375
6 0.6046875 0.8765625 0.04375 0.0609375
6 0.60078125 0.928125 0.04375 0.0578125
6 0.63671875 0.93046875 0.04375 0.0578125
6 0.640625 0.8796875 0.0453125 0.059375
6 0.5109375 0.87421875 0.04375 0.059375
6 0.50703125 0.92734375 0.04375 0.0609375
6 0.54296875 0.92890625 0.04375 0.0625
6 0.54609375 0.8765625 0.04375 0.059375
6 0.409375 0.9234375 0.04375 0.0578125
6 0.4125 0.87109375 0.04375 0.0625
6 0.44765625 0.87421875 0.04375 0.0640625
6 0.4453125 0.92578125 0.0421875 0.0578125
6 0.315625 0.91640625 0.04375 0.059375
6 0.31953125 0.86328125 0.04375 0.0609375
6 0.35390625 0.865625 0.0421875 0.0609375
11 0.37890625 0.88046875 0.0125 0.0328125
11 0.38046875 0.8515625 0.0140625 0.034375
11 0.38359375 0.821875 0.0125 0.0328125
6 0.35078125 0.91875 0.0421875 0.0578125
3 0.1578125 0.8640625 0.0578125 0.09375
3 0.246875 0.878125 0.059375 0.09375
3 0.05546875 0.8265625 0.065625 0.13125
3 0.36796875 0.6625 0.0796875 0.0859375
3 0.375 0.575 0.08125 0.0859375
2 0.30078125 0.5890625 0.06875 0.1609375
5 0.2796875 0.6875 0.0328125 0.0546875
5 0.2109375 0.59296875 0.0265625 0.0390625
6 0.22109375 0.66953125 0.0609375 0.1015625
2 0.2375 0.5609375 0.071875 0.109375
1 0.43671875 0.6109375 0.053125 0.1171875
6 0.434375 0.35234375 0.040625 0.0671875
6 0.43125 0.4078125 0.040625 0.065625
11 0.396875 0.35234375 0.015625 0.0671875
11 0.4625 0.35703125 0.0171875 0.06875
6 0.5 0.35625 0.0390625 0.065625
6 0.49609375 0.41171875 0.0390625 0.0625
9 0.553125 0.37265625 0.0515625 0.0875
9 0.60859375 0.37578125 0.0484375 0.0828125
8 0.94375 0.4578125 0.025 0.0390625
6 0.55859375 0.603125 0.0453125 0.0625
6 0.5546875 0.65390625 0.0453125 0.059375
6 0.5515625 0.70546875 0.046875 0.0609375
6 0.5875 0.7078125 0.04375 0.0625
6 0.590625 0.65625 0.0453125 0.059375
6 0.5953125 0.60546875 0.046875 0.0625
6 0.65546875 0.609375 0.0453125 0.0609375
6 0.65078125 0.6609375 0.04375 0.059375
6 0.64765625 0.7140625 0.0453125 0.0609375
6 0.68359375 0.71640625 0.0453125 0.0609375
6 0.6875 0.6625 0.0453125 0.059375
6 0.69140625 0.61171875 0.0453125 0.059375
6 0.7515625 0.61640625 0.0453125 0.059375
6 0.7484375 0.66875 0.0453125 0.059375
6 0.74453125 0.72109375 0.0453125 0.059375
6 0.78125 0.7234375 0.0453125 0.0609375
6 0.78515625 0.6703125 0.0453125 0.0578125
6 0.78828125 0.61796875 0.04375 0.059375
6 0.84140625 0.6234375 0.0453125 0.0609375
6 0.8375 0.675 0.0453125 0.059375
6 0.834375 0.72734375 0.0453125 0.0609375
6 0.92890625 0.55390625 0.0421875 0.065625
6 0.925 0.61171875 0.0421875 0.0671875
6 0.95859375 0.6140625 0.0421875 0.0671875
6 0.96171875 0.55625 0.0421875 0.065625
6 0.9203125 0.6953125 0.0421875 0.065625
6 0.953125 0.69765625 0.040625 0.0671875
6 0.91640625 0.75234375 0.0421875 0.065625
6 0.9484375 0.75546875 0.0390625 0.065625
6 0.884375 0.92578125 0.0453125 0.0609375
6 0.88828125 0.8734375 0.0453125 0.0609375
6 0.925 0.87578125 0.0453125 0.0625
6 0.9203125 0.92890625 0.0453125 0.0625
6 0.2578125 0.1796875 0.0453125 0.0609375
6 0.290625 0.2125 0.04375 0.065625
6 0.325 0.21484375 0.0390625 0.065625
6 0.328125 0.1578125 0.040625 0.0671875
6 0.29609375 0.15546875 0.0421875 0.06875
6 0.24765625 0.0375 0.0421875 0.0578125
6 0.29609375 0.03984375 0.0421875 0.059375
6 0.3328125 0.04296875 0.04375 0.0609375
6 0.07734375 0.11171875 0.040625 0.065625
6 0.11015625 0.11484375 0.0421875 0.0640625
6 0.14296875 0.1171875 0.04375 0.0671875
6 0.14765625 0.0609375 0.04375 0.065625
6 0.11328125 0.05859375 0.040625 0.0671875
6 0.08046875 0.05625 0.0390625 0.06875
6 0.0796875 0.21875 0.0421875 0.059375
6 0.115625 0.22109375 0.0421875 0.059375