6 0.84375 0.88671875 0.04375 0.059375
6 0.84140625 0.834375 0.04375 0.059375
6 0.878125 0.8328125 0.0421875 0.059375
6 0.88046875 0.88515625 0.0421875 0.0578125
6 0.74296875 0.84140625 0.04375 0.0578125
6 0.74609375 0.89375 0.04375 0.0609375
6 0.78203125 0.8921875 0.04375 0.0625
6 0.77890625 0.83984375 0.0453125 0.0578125
6 0.64921875 0.8609375 0.0421875 0.059375
6 0.65234375 0.91328125 0.04375 0.05625
6 0.68828125 0.91015625 0.0421875 0.0578125
6 0.68515625 0.859375 0.04375 0.059375
6 0.55625 0.8703125 0.04375 0.059375
6 0.55859375 0.9234375 0.0421875 0.059375
6 0.59453125 0.9203125 0.0421875 0.0609375
6 0.5921875 0.86796875 0.04375 0.0578125
6 0.46171875 0.93125 0.0421875 0.0578125
6 0.4578125 0.87890625 0.0421875 0.0609375
6 0.49375 0.87734375 0.0421875 0.0625
6 0.49765625 0.9296875 0.0421875 0.05625
6 0.36796875 0.9359375 0.04375 0.0578125
6 0.36484375 0.8828125 0.0421875 0.0609375
6 0.39921875 0.88046875 0.040625 0.0609375
11 0.42578125 0.89296875 0.0125 0.0328125
11 0.42421875 0.8640625 0.0140625 0.034375
11 0.4234375 0.83359375 0.0125 0.0328125
6 0.403125 0.93359375 0.040625 0.0578125
3 0.2046875 0.90234375 0.05625 0.09375
3 0.2953125 0.90546875 0.0578125 0.0921875
3 0.09921875 0.87890625 0.0625 0.13125
3 0.3890625 0.67734375 0.0796875 0.084375
3 0.38515625 0.58984375 0.0796875 0.084375
2 0.31328125 0.6125 0.0671875 0.1609375
5 0.30390625 0.71328125 0.03125 0.0546875
5 0.22421875 0.628125 0.0265625 0.0390625
6 0.24375 0.70234375 0.059375 0.1
2 0.246875 0.5921875 0.0703125 0.109375
1 0.45078125 0.61796875 0.0515625 0.1171875
6 0.4171875 0.3609375 0.0390625 0.065625
6 0.4203125 0.41640625 0.0390625 0.065625
11 0.3796875 0.36640625 0.0140625 0.0671875
11 0.4453125 0.3625 0.015625 0.06875
6 0.48203125 0.35703125 0.0390625 0.065625
6 0.48515625 0.41328125 0.0390625 0.0625
9 0.53671875 0.3671875 0.05 0.0859375
9 0.59296875 0.3640625 0.0484375 0.08125
8 0.93515625 0.4046875 0.0234375 0.0390625
6 0.5703125 0.59453125 0.04375 0.0625
6 0.5734375 0.64609375 0.04375 0.059375
6 0.57578125 0.69765625 0.0453125 0.059375
6 0.61171875 0.69609375 0.0421875 0.0609375
6 0.609375 0.64375 0.04375 0.059375
6 0.60703125 0.59296875 0.0453125 0.0625
6 0.6671875 0.58984375 0.04375 0.059375
6 0.66953125 0.64140625 0.04375 0.0578125
6 0.67265625 0.69453125 0.04375 0.059375
6 0.70859375 0.6921875 0.04375 0.0609375
6 0.70625 0.63828125 0.04375 0.0578125
6 0.703125 0.58828125 0.04375 0.0578125
6 0.7640625 0.584375 0.04375 0.059375
6 0.7671875 0.63671875 0.04375 0.0578125
6 0.76953125 0.6890625 0.0453125 0.059375
6 0.80625 0.6875 0.04375 0.0609375
6 0.80390625 0.634375 0.04375 0.05625
6 0.80078125 0.58203125 0.04375 0.0578125
6 0.85390625 0.58046875 0.04375 0.0609375
6 0.85625 0.63203125 0.04375 0.059375
6 0.859375 0.684375 0.04375 0.0609375
6 0.9328125 0.5015625 0.0421875 0.065625
6 0.9359375 0.559375 0.0421875 0.0671875
6 0.96953125 0.5578125 0.0421875 0.0671875
6 0.965625 0.5 0.040625 0.0640625
6 0.940625 0.64296875 0.040625 0.065625
6 0.9734375 0.64140625 0.0390625 0.065625
6 0.94375 0.7 0.040625 0.065625
6 0.97578125 0.6984375 0.0390625 0.065625
6 0.93359375 0.87578125 0.04375 0.0609375
6 0.93046875 0.8234375 0.04375 0.059375
6 0.9671875 0.82109375 0.04375 0.0609375
6 0.96953125 0.87421875 0.04375 0.0609375
6 0.2203125 0.21171875 0.04375 0.059375
6 0.25703125 0.240625 0.04375 0.065625
6 0.29140625 0.2390625 0.0390625 0.065625
6 0.2875 0.18125 0.0390625 0.0671875
6 0.25546875 0.1828125 0.0421875 0.0671875
6 0.19296875 0.071875 0.0421875 0.05625
6 0.2421875 0.06875 0.040625 0.0578125
6 0.27890625 0.06640625 0.0421875 0.059375
6 0.03359375 0.16640625 0.040625 0.0640625
6 0.06640625 0.16484375 0.040625 0.0640625
6 0.09921875 0.16328125 0.0421875 0.065625
6 0.096875 0.10703125 0.0421875 0.065625
6 0.0625 0.109375 0.040625 0.0671875
6 0.0296875 0.1109375 0.0390625 0.06875
6 0.0484375 0.271875 0.0421875 0.0578125
6 0.084375 0.26953125 0.040625 0.059375