3 0.40546875 0.5 0.07109375 0.05390625
7 0.48203125 0.49375 0.0234375 0.05078125
7 0.52578125 0.49453125 0.02421875 0.05078125
7 0.57109375 0.49375 0.0234375 0.04921875
1 0.59140625 0.49765625 0.0171875 0.078125
7 0.678125 0.49453125 0.02421875 0.0484375
7 0.72265625 0.49296875 0.02265625 0.0484375
2 0.31875 0.5171875 0.0359375 0.07734375
2 0.278125 0.50546875 0.03359375 0.0765625
6 0.26875 0.64609375 0.0265625 0.0328125
6 0.26875 0.67890625 0.0265625 0.034375
6 0.24375 0.678125 0.02578125 0.03515625
6 0.24375 0.646875 0.02578125 0.0328125
5 0.25625 0.625 0.0265625 0.01171875
5 0.20546875 0.625 0.0140625 0.0125
5 0.1921875 0.625 0.0140625 0.0125
6 0.21171875 0.64765625 0.025 0.03125
6 0.21171875 0.678125 0.02578125 0.0328125
6 0.18671875 0.678125 0.02578125 0.03359375
6 0.18671875 0.646875 0.02578125 0.034375
6 0.39765625 0.678125 0.025 0.03359375
6 0.39765625 0.646875 0.02578125 0.0328125
6 0.39765625 0.615625 0.02578125 0.0328125
6 0.3734375 0.61484375 0.02578125 0.0328125
6 0.3734375 0.64609375 0.02578125 0.0328125
6 0.3734375 0.678125 0.0265625 0.034375
2 0.44609375 0.66328125 0.028125 0.03984375
2 0.44375 0.59921875 0.02890625 0.03984375
5 0.3921875 0.59296875 0.0140625 0.01171875
5 0.37890625 0.59296875 0.0140625 0.0125
5 0.4625 0.5984375 0.00859375 0.04453125
5 0.49140625 0.59296875 0.01328125 0.0125
5 0.50390625 0.59375 0.0140625 0.0125
5 0.5484375 0.59296875 0.0140625 0.0125
5 0.5609375 0.59375 0.01484375 0.0140625
5 0.428125 0.66328125 0.00859375 0.04375
6 0.509375 0.61484375 0.025 0.03359375
6 0.509375 0.64609375 0.025 0.0328125
6 0.509375 0.67734375 0.025 0.034375
6 0.4859375 0.67734375 0.02421875 0.03515625
6 0.4859375 0.64609375 0.02421875 0.03203125
6 0.4859375 0.61484375 0.02421875 0.03359375
6 0.54296875 0.61484375 0.02578125 0.0328125
6 0.5671875 0.61484375 0.02578125 0.0328125
6 0.5671875 0.64609375 0.02578125 0.03359375
6 0.5671875 0.678125 0.02578125 0.0328125
6 0.54296875 0.678125 0.025 0.0328125
6 0.54296875 0.64609375 0.025 0.034375
5 0.5984375 0.675 0.00859375 0.04375
5 0.5921875 0.64609375 0.0078125 0.04296875
5 0.59921875 0.615625 0.00859375 0.04296875
6 0.71328125 0.6140625 0.025 0.0328125
6 0.71328125 0.6453125 0.025 0.0328125
6 0.71328125 0.6765625 0.025 0.0328125
6 0.6890625 0.6765625 0.02578125 0.0328125
6 0.6890625 0.6453125 0.02578125 0.03359375
6 0.6890625 0.6140625 0.02578125 0.0328125
4 0.23125 0.5578125 0.0203125 0.02109375
4 0.21171875 0.5578125 0.0203125 0.021875
4 0.19296875 0.5578125 0.01953125 0.021875
4 0.17421875 0.55703125 0.01953125 0.02265625