3 0.5921875 0.52109375 0.08125 0.06875
7 0.51640625 0.51015625 0.034375 0.0546875
7 0.4734375 0.49921875 0.034375 0.0546875
7 0.4296875 0.48984375 0.034375 0.053125
1 0.41015625 0.48203125 0.034375 0.0796875
7 0.325 0.465625 0.034375 0.053125
7 0.28125 0.45703125 0.0328125 0.0515625
2 0.68046875 0.52421875 0.053125 0.0828125
2 0.7171875 0.54453125 0.05 0.0828125
6 0.7578125 0.409375 0.0328125 0.0375
6 0.765625 0.37734375 0.034375 0.0390625
6 0.78984375 0.384375 0.0328125 0.040625
6 0.7828125 0.41484375 0.0328125 0.0375
5 0.765625 0.4328125 0.028125 0.0171875
5 0.81484375 0.44453125 0.0171875 0.015625
5 0.828125 0.44765625 0.0171875 0.015625
6 0.8140625 0.42109375 0.03125 0.0359375
6 0.82109375 0.39140625 0.0328125 0.0375
6 0.8453125 0.396875 0.0328125 0.0390625
6 0.83828125 0.42734375 0.0328125 0.0390625
6 0.63984375 0.34921875 0.03125 0.0390625
6 0.6328125 0.3796875 0.0328125 0.0375
6 0.62578125 0.41015625 0.0328125 0.0375
6 0.64921875 0.41640625 0.0328125 0.0375
6 0.65625 0.3859375 0.0328125 0.0375
6 0.66328125 0.3546875 0.034375 0.0390625
2 0.5890625 0.353125 0.0359375 0.0453125
2 0.57734375 0.415625 0.0375 0.0453125
5 0.62578125 0.43359375 0.015625 0.0140625
5 0.6390625 0.43671875 0.0171875 0.015625
5 0.55859375 0.4125 0.01875 0.0453125
5 0.52890625 0.41171875 0.015625 0.015625
5 0.5171875 0.4078125 0.0171875 0.015625
5 0.4734375 0.3984375 0.0171875 0.015625
5 0.46171875 0.3953125 0.0171875 0.0171875
5 0.60703125 0.35703125 0.01875 0.0453125
6 0.51640625 0.3859375 0.03125 0.0390625
6 0.5234375 0.35546875 0.03125 0.0375
6 0.53046875 0.325 0.0328125 0.0390625
6 0.55390625 0.33046875 0.03125 0.0390625
6 0.546875 0.3609375 0.03125 0.0359375
6 0.53984375 0.39140625 0.03125 0.0375
6 0.48359375 0.378125 0.0328125 0.0375
6 0.46015625 0.37265625 0.0328125 0.0375
6 0.4671875 0.3421875 0.0328125 0.0390625
6 0.47421875 0.3109375 0.0328125 0.0375
6 0.4984375 0.31640625 0.03125 0.0375
6 0.490625 0.34765625 0.0328125 0.0390625
5 0.44375 0.30703125 0.01875 0.0453125
5 0.44296875 0.33671875 0.0171875 0.04375
5 0.4296875 0.36484375 0.01875 0.04375
6 0.31796875 0.340625 0.03125 0.0375
6 0.325 0.31015625 0.03125 0.0375
6 0.33203125 0.2796875 0.03125 0.0375
6 0.35546875 0.28515625 0.0328125 0.0375
6 0.3484375 0.315625 0.0328125 0.0390625
6 0.34140625 0.34609375 0.0328125 0.0375
4 0.775 0.50390625 0.025 0.025
4 0.79375 0.50859375 0.025 0.0265625
4 0.8125 0.5125 0.0234375 0.025
4 0.83046875 0.51796875 0.0234375 0.0265625