3 0.59375 0.48515625 0.078125 0.0640625
7 0.51640625 0.49140625 0.03125 0.053125
7 0.4734375 0.4984375 0.03125 0.0546875
7 0.42890625 0.5046875 0.03125 0.0515625
1 0.409375 0.51171875 0.0296875 0.0796875
7 0.3234375 0.52265625 0.03125 0.0515625
7 0.27890625 0.528125 0.0296875 0.0515625
2 0.68203125 0.48828125 0.046875 0.08125
2 0.7203125 0.4703125 0.0453125 0.08125
6 0.7515625 0.6078125 0.03125 0.0359375
6 0.75625 0.640625 0.03125 0.0375
6 0.78125 0.6359375 0.03125 0.0390625
6 0.77578125 0.6046875 0.03125 0.0359375
5 0.76015625 0.58515625 0.028125 0.015625
5 0.81015625 0.57734375 0.015625 0.0140625
5 0.8234375 0.575 0.015625 0.0140625
6 0.8078125 0.60078125 0.0296875 0.034375
6 0.8125 0.63046875 0.03125 0.0359375
6 0.8375 0.6265625 0.03125 0.0375
6 0.83203125 0.59609375 0.03125 0.0375
6 0.62890625 0.66015625 0.0296875 0.0375
6 0.62421875 0.62890625 0.03125 0.0359375
6 0.61953125 0.5984375 0.03125 0.0359375
6 0.64296875 0.59375 0.03125 0.0359375
6 0.64765625 0.62421875 0.03125 0.0359375
6 0.653125 0.65625 0.03125 0.0375
2 0.57890625 0.653125 0.034375 0.04375
2 0.57109375 0.5890625 0.034375 0.04375
5 0.62109375 0.575 0.015625 0.0140625
5 0.634375 0.57265625 0.015625 0.0140625
5 0.55234375 0.59140625 0.015625 0.0453125
5 0.52265625 0.590625 0.015625 0.0140625
5 0.5109375 0.59296875 0.015625 0.0140625
5 0.46640625 0.59921875 0.015625 0.0140625
5 0.4546875 0.60234375 0.0171875 0.015625
5 0.596875 0.65 0.015625 0.0453125
6 0.50859375 0.61484375 0.0296875 0.0375
6 0.51328125 0.64609375 0.0296875 0.0359375
6 0.51875 0.6765625 0.0296875 0.0375
6 0.54140625 0.67265625 0.0296875 0.0390625
6 0.53671875 0.6421875 0.0296875 0.0359375
6 0.53203125 0.6109375 0.0296875 0.0375
6 0.47578125 0.6203125 0.03125 0.0359375
6 0.4515625 0.62421875 0.03125 0.0359375
6 0.45625 0.6546875 0.03125 0.0375
6 0.46171875 0.68671875 0.03125 0.0359375
6 0.48515625 0.6828125 0.0296875 0.0359375
6 0.48046875 0.65078125 0.0296875 0.0375
5 0.43046875 0.68828125 0.015625 0.0453125
5 0.43203125 0.65859375 0.0140625 0.04375
5 0.4203125 0.6296875 0.015625 0.04375
6 0.30703125 0.64609375 0.0296875 0.0359375
6 0.31171875 0.6765625 0.0296875 0.0359375
6 0.3171875 0.7078125 0.0296875 0.0359375
6 0.340625 0.70390625 0.03125 0.0359375
6 0.3359375 0.6734375 0.03125 0.0375
6 0.33125 0.6421875 0.03125 0.0359375
4 0.77421875 0.51484375 0.0234375 0.0234375
4 0.79375 0.51171875 0.0234375 0.025
4 0.8125 0.509375 0.0234375 0.025
4 0.83046875 0.50546875 0.0234375 0.025