10 0.25546875 0.67890625 0.034375 0.04375
10 0.28984375 0.68125 0.034375 0.04375
10 0.32421875 0.6828125 0.034375 0.0453125
10 0.35703125 0.68515625 0.034375 0.04375
10 0.39140625 0.6875 0.034375 0.0421875
10 0.39453125 0.6234375 0.03125 0.0453125
10 0.3609375 0.62109375 0.0328125 0.04375
10 0.32734375 0.61875 0.0328125 0.04375
0 0.25078125 0.61171875 0.0609375 0.0609375
0 0.27109375 0.55234375 0.0640625 0.0546875
1 0.1921875 0.62265625 0.0328125 0.090625
3 0.39453125 0.478125 0.0828125 0.0671875
9 0.2921875 0.49609375 0.0359375 0.0359375
9 0.20078125 0.4 0.040625 0.0296875
9 0.240625 0.40234375 0.0375 0.0296875
6 0.26640625 0.33671875 0.028125 0.0359375
6 0.26875 0.30625 0.0296875 0.0359375
6 0.24453125 0.3046875 0.0296875 0.0375
6 0.24140625 0.33359375 0.0296875 0.040625
6 0.2125 0.33203125 0.0296875 0.0375
6 0.21484375 0.30234375 0.0296875 0.0375
6 0.1890625 0.29921875 0.028125 0.0375
6 0.1875 0.33203125 0.03125 0.0328125
5 0.25234375 0.35625 0.0296875 0.0140625
5 0.1921875 0.353125 0.015625 0.0125
5 0.2046875 0.35390625 0.015625 0.0140625
9 0.3484375 0.359375 0.0203125 0.0625
5 0.36640625 0.32734375 0.0203125 0.01875
5 0.40859375 0.33125 0.0171875 0.0171875
10 0.565625 0.3859375 0.03125 0.0421875
6 0.5578125 0.325 0.028125 0.0359375
6 0.58203125 0.3265625 0.028125 0.034375
5 0.5625 0.34609375 0.015625 0.0140625
5 0.575 0.34765625 0.015625 0.0140625
6 0.528125 0.32265625 0.0265625 0.0359375
6 0.52578125 0.35390625 0.0265625 0.0359375
6 0.5234375 0.38515625 0.028125 0.0359375
6 0.50078125 0.384375 0.0265625 0.0359375
6 0.50234375 0.353125 0.0265625 0.034375
6 0.5046875 0.32109375 0.028125 0.0359375
6 0.47421875 0.31875 0.0265625 0.034375
6 0.471875 0.35 0.028125 0.034375
6 0.4703125 0.38125 0.028125 0.034375