10 0.771875 0.63359375 0.040625 0.0484375
10 0.73828125 0.6421875 0.040625 0.0484375
10 0.7046875 0.64921875 0.040625 0.05
10 0.67265625 0.65703125 0.040625 0.0484375
10 0.63984375 0.665625 0.040625 0.046875
10 0.62578125 0.603125 0.0390625 0.0484375
10 0.6578125 0.5953125 0.0390625 0.046875
10 0.690625 0.58671875 0.0390625 0.046875
0 0.76484375 0.5671875 0.0703125 0.0703125
0 0.734375 0.51171875 0.0703125 0.0640625
1 0.82421875 0.5671875 0.0484375 0.0921875
3 0.60078125 0.46015625 0.090625 0.078125
9 0.70390625 0.46015625 0.0421875 0.040625
9 0.77734375 0.34921875 0.04375 0.0359375
9 0.73828125 0.35859375 0.0421875 0.0359375
6 0.7015625 0.2984375 0.034375 0.0390625
6 0.69453125 0.26875 0.034375 0.0390625
6 0.71796875 0.26328125 0.034375 0.040625
6 0.72578125 0.29140625 0.0359375 0.04375
6 0.75390625 0.284375 0.034375 0.040625
6 0.746875 0.25546875 0.034375 0.040625
6 0.77109375 0.24765625 0.034375 0.040625
6 0.778125 0.2796875 0.0359375 0.0375
5 0.71875 0.315625 0.03125 0.01875
5 0.77734375 0.30234375 0.0171875 0.0140625
5 0.765625 0.3046875 0.0171875 0.015625
9 0.625 0.33515625 0.0296875 0.0625
5 0.6015625 0.30625 0.021875 0.021875
5 0.5609375 0.31796875 0.01875 0.01875
10 0.41484375 0.3984375 0.0375 0.046875
6 0.4125 0.3375 0.034375 0.0390625
6 0.3890625 0.34296875 0.0328125 0.0375
5 0.41171875 0.359375 0.0171875 0.015625
5 0.4 0.36328125 0.0171875 0.015625
6 0.44140625 0.33046875 0.0328125 0.0390625
6 0.44921875 0.36015625 0.0328125 0.0390625
6 0.45703125 0.390625 0.0328125 0.0390625
6 0.47890625 0.3859375 0.03125 0.0390625
6 0.471875 0.35546875 0.0328125 0.0375
6 0.4640625 0.32421875 0.0328125 0.0390625
6 0.49375 0.3171875 0.0328125 0.0375
6 0.5015625 0.34765625 0.0328125 0.0375
6 0.50859375 0.378125 0.0328125 0.0375