10 0.26875 0.3046875 0.03203125 0.04140625
10 0.303125 0.3046875 0.03125 0.0421875
10 0.3375 0.30546875 0.03125 0.04296875
10 0.3703125 0.30546875 0.03125 0.04140625
10 0.4046875 0.30546875 0.03203125 0.040625
10 0.403125 0.36953125 0.02890625 0.04296875
10 0.36953125 0.36953125 0.03046875 0.04140625
10 0.3359375 0.36953125 0.0296875 0.04140625
0 0.259375 0.37109375 0.0578125 0.0578125
0 0.275 0.43203125 0.06015625 0.05078125
1 0.2015625 0.35625 0.02734375 0.08828125
3 0.39296875 0.5140625 0.078125 0.06171875
9 0.2921875 0.4890625 0.034375 0.03359375
9 0.19453125 0.57890625 0.0390625 0.0265625
9 0.234375 0.5796875 0.0359375 0.02734375
6 0.25546875 0.646875 0.0265625 0.03359375
6 0.25546875 0.67734375 0.02734375 0.03359375
6 0.23125 0.67734375 0.02734375 0.03515625
6 0.23046875 0.64765625 0.02734375 0.0390625
6 0.2015625 0.64765625 0.0265625 0.0359375
6 0.2015625 0.67734375 0.02734375 0.03515625
6 0.17578125 0.67890625 0.02578125 0.0359375
6 0.1765625 0.64609375 0.02890625 0.03125
5 0.24296875 0.62578125 0.0296875 0.01171875
5 0.1828125 0.625 0.0140625 0.01171875
5 0.1953125 0.625 0.0140625 0.0125
9 0.3390625 0.6296875 0.015625 0.0609375
5 0.3546875 0.66328125 0.01875 0.01796875
5 0.396875 0.66171875 0.015625 0.015625
10 0.5578125 0.61875 0.02890625 0.040625
6 0.5453125 0.67890625 0.0265625 0.03359375
6 0.56953125 0.67890625 0.02578125 0.0328125
5 0.5515625 0.6578125 0.0140625 0.01328125
5 0.5640625 0.65703125 0.0140625 0.0125
6 0.515625 0.67890625 0.025 0.03359375
6 0.515625 0.64765625 0.025 0.03359375
6 0.515625 0.61640625 0.02578125 0.03359375
6 0.49296875 0.615625 0.02421875 0.03359375
6 0.4921875 0.646875 0.025 0.0328125
6 0.4921875 0.67890625 0.02578125 0.03359375
6 0.46171875 0.67890625 0.025 0.0328125
6 0.46171875 0.64765625 0.02578125 0.0328125
6 0.46171875 0.61640625 0.02578125 0.0328125