3 0.3453125 0.31171875 0.0515625 0.09765625
2 0.41484375 0.25078125 0.071875 0.08671875
6 0.3203125 0.6375 0.046875 0.05390625
6 0.36640625 0.6375 0.0453125 0.05546875
6 0.3203125 0.69140625 0.04609375 0.0546875
6 0.36640625 0.6921875 0.04609375 0.05546875
6 0.42890625 0.63671875 0.04609375 0.0546875
6 0.475 0.63671875 0.04453125 0.0546875
6 0.42890625 0.69140625 0.04609375 0.05390625
6 0.475 0.690625 0.04453125 0.05234375
5 0.4421875 0.55625 0.0203125 0.02734375
5 0.45078125 0.578125 0.01171875 0.01640625
5 0.46171875 0.55703125 0.01796875 0.0265625
5 0.4140625 0.446875 0.01171875 0.015625
5 0.43046875 0.4421875 0.02109375 0.028125
5 0.29296875 0.31484375 0.02109375 0.02890625
5 0.5171875 0.29921875 0.0203125 0.03125
5 0.42578125 0.19140625 0.01171875 0.01796875
5 0.396875 0.18984375 0.01875 0.01953125
5 0.47890625 0.19140625 0.0109375 0.0171875
5 0.490625 0.18984375 0.01015625 0.01796875
11 0.275 0.6375 0.01484375 0.1671875
11 0.5203125 0.6375 0.01484375 0.165625
2 0.4875 0.25078125 0.0734375 0.08671875