3 0.61953125 0.2875 0.0671875 0.1046875
2 0.540625 0.23984375 0.0859375 0.0984375
6 0.70078125 0.60390625 0.05625 0.0609375
6 0.65546875 0.6125 0.0546875 0.0625
6 0.71015625 0.65703125 0.0546875 0.0625
6 0.66484375 0.66640625 0.0546875 0.0625
6 0.59375 0.62265625 0.0546875 0.0625
6 0.5484375 0.63046875 0.053125 0.0609375
6 0.603125 0.67578125 0.0546875 0.0609375
6 0.5578125 0.68359375 0.053125 0.059375
5 0.56640625 0.5453125 0.025 0.0296875
5 0.56171875 0.56875 0.0140625 0.01875
5 0.54765625 0.54921875 0.021875 0.0296875
5 0.57578125 0.4328125 0.0140625 0.0171875
5 0.55859375 0.43125 0.025 0.03125
5 0.671875 0.28203125 0.0265625 0.0328125
5 0.4484375 0.30546875 0.025 0.034375
5 0.51953125 0.18359375 0.0140625 0.0203125
5 0.54765625 0.1765625 0.021875 0.021875
5 0.4671875 0.1921875 0.0140625 0.01875
5 0.45546875 0.19296875 0.0125 0.01875
11 0.7453125 0.59609375 0.04375 0.1671875
11 0.50390625 0.6390625 0.04375 0.165625
2 0.46875 0.25234375 0.0875 0.0984375