3 0.6578125 0.6859375 0.053125 0.0984375
2 0.58984375 0.74765625 0.0734375 0.0875
6 0.67734375 0.359375 0.0484375 0.0546875
6 0.63125 0.36015625 0.046875 0.05625
6 0.6765625 0.30546875 0.046875 0.05625
6 0.63046875 0.30546875 0.046875 0.05625
6 0.56875 0.36171875 0.046875 0.05625
6 0.52265625 0.3625 0.0453125 0.0546875
6 0.56796875 0.30703125 0.046875 0.0546875
6 0.521875 0.30859375 0.0453125 0.053125
5 0.55703125 0.44296875 0.0203125 0.028125
5 0.54765625 0.42109375 0.0125 0.0171875
5 0.5375 0.4421875 0.01875 0.0265625
5 0.58671875 0.5515625 0.0125 0.015625
5 0.5703125 0.55625 0.021875 0.028125
5 0.71015625 0.68125 0.021875 0.0296875
5 0.4859375 0.70078125 0.0203125 0.03125
5 0.5796875 0.80703125 0.0125 0.01875
5 0.60859375 0.80859375 0.01875 0.0203125
5 0.5265625 0.8078125 0.0109375 0.0171875
5 0.51484375 0.81015625 0.0109375 0.01875
11 0.72265625 0.35859375 0.0171875 0.1671875
11 0.47734375 0.3625 0.0171875 0.165625
2 0.5171875 0.74921875 0.075 0.0875