6 0.46484375 0.3390625 0.040625 0.046875
6 0.471875 0.296875 0.040625 0.0453125
6 0.4765625 0.25703125 0.040625 0.0453125
6 0.4828125 0.215625 0.040625 0.046875
6 0.5171875 0.221875 0.040625 0.046875
6 0.5109375 0.2625 0.040625 0.0453125
6 0.50546875 0.303125 0.0390625 0.0453125
6 0.5 0.34296875 0.0390625 0.0453125
6 0.56328125 0.353125 0.0390625 0.0453125
6 0.56875 0.31328125 0.0390625 0.0453125
6 0.575 0.271875 0.0390625 0.0453125
6 0.58046875 0.23046875 0.040625 0.046875
6 0.596875 0.35859375 0.0390625 0.0453125
6 0.603125 0.3171875 0.0390625 0.04375
6 0.60859375 0.27734375 0.0390625 0.0453125
6 0.6140625 0.23671875 0.0390625 0.0453125
6 0.653125 0.36640625 0.040625 0.046875
6 0.65859375 0.325 0.0390625 0.0453125
6 0.66484375 0.284375 0.0390625 0.0453125
6 0.6703125 0.24375 0.0375 0.0453125
6 0.6859375 0.37109375 0.040625 0.046875
6 0.6921875 0.3296875 0.040625 0.046875
6 0.69765625 0.2890625 0.0390625 0.0453125
6 0.703125 0.2484375 0.0390625 0.0453125
6 0.75 0.34296875 0.0390625 0.0453125
6 0.75546875 0.30234375 0.0390625 0.0453125
6 0.7625 0.26171875 0.0390625 0.0453125
6 0.784375 0.34765625 0.040625 0.046875
6 0.78984375 0.30625 0.0390625 0.0453125
6 0.7953125 0.26640625 0.0390625 0.0453125
6 0.3890625 0.3328125 0.0359375 0.0515625
6 0.4125 0.290625 0.040625 0.046875
6 0.37890625 0.2859375 0.0390625 0.046875
6 0.384375 0.24453125 0.0390625 0.0453125
6 0.41875 0.24921875 0.0390625 0.0453125
6 0.38984375 0.20390625 0.0390625 0.0453125
6 0.42421875 0.209375 0.040625 0.046875
6 0.30390625 0.24453125 0.0390625 0.0453125
6 0.27109375 0.23984375 0.0390625 0.0453125
6 0.2765625 0.1984375 0.0390625 0.0453125
6 0.309375 0.203125 0.0390625 0.0453125
6 0.26953125 0.31640625 0.0359375 0.0515625
6 0.23984375 0.31171875 0.0359375 0.0515625
6 0.26171875 0.3640625 0.0359375 0.0515625
6 0.23359375 0.36015625 0.0359375 0.0515625
6 0.24921875 0.43984375 0.0359375 0.0515625
6 0.21953125 0.43515625 0.0359375 0.0515625
6 0.24140625 0.4875 0.0359375 0.0515625
6 0.2125 0.48359375 0.0359375 0.0515625
6 0.21328125 0.56484375 0.040625 0.046875
6 0.2078125 0.6828125 0.0359375 0.0515625
6 0.5375 0.5203125 0.0359375 0.0515625
6 0.5078125 0.51640625 0.0359375 0.0515625
6 0.48046875 0.5125 0.0359375 0.0515625
6 0.48671875 0.4640625 0.0359375 0.0515625
6 0.515625 0.46875 0.0359375 0.0515625
6 0.54375 0.4734375 0.0359375 0.0515625
6 0.40546875 0.47890625 0.0359375 0.0515625
6 0.3984375 0.5265625 0.0359375 0.0515625
10 0.86953125 0.31015625 0.0609375 0.08125
10 0.86484375 0.42578125 0.0625 0.08125
10 0.2765625 0.67421875 0.0609375 0.08125
10 0.184375 0.63125 0.0375 0.0609375
9 0.296875 0.54296875 0.0234375 0.0515625
2 0.6546875 0.47421875 0.065625 0.059375
10 0.6453125 0.5265625 0.046875 0.053125
11 0.6625 0.55859375 0.025 0.0296875
11 0.60859375 0.57265625 0.0203125 0.0296875
11 0.6046875 0.6 0.0203125 0.028125
11 0.6015625 0.62421875 0.0203125 0.021875
11 0.6 0.64453125 0.021875 0.0234375