6 0.45078125 0.3421875 0.0375 0.04375
6 0.45390625 0.30078125 0.0375 0.04375
6 0.45546875 0.26015625 0.0375 0.0421875
6 0.45859375 0.21875 0.0359375 0.04375
6 0.49296875 0.22109375 0.0359375 0.04375
6 0.490625 0.2625 0.0375 0.0421875
6 0.48828125 0.303125 0.0359375 0.0421875
6 0.4859375 0.34375 0.0359375 0.04375
6 0.55 0.3484375 0.0359375 0.04375
6 0.55234375 0.3078125 0.0359375 0.04375
6 0.5546875 0.26640625 0.0359375 0.04375
6 0.55703125 0.22421875 0.0359375 0.04375
6 0.584375 0.35 0.0359375 0.04375
6 0.58671875 0.30859375 0.0359375 0.0421875
6 0.5890625 0.26875 0.0359375 0.0421875
6 0.590625 0.228125 0.0359375 0.0421875
6 0.640625 0.353125 0.0359375 0.04375
6 0.64296875 0.31171875 0.0359375 0.04375
6 0.6453125 0.2703125 0.0359375 0.04375
6 0.646875 0.2296875 0.034375 0.04375
6 0.67421875 0.3546875 0.0359375 0.0453125
6 0.6765625 0.31328125 0.0375 0.0453125
6 0.67890625 0.27265625 0.0359375 0.04375
6 0.68046875 0.23203125 0.0359375 0.04375
6 0.73515625 0.32109375 0.0359375 0.04375
6 0.7375 0.28125 0.0359375 0.04375
6 0.740625 0.23984375 0.0359375 0.0421875
6 0.76953125 0.3234375 0.0359375 0.04375
6 0.771875 0.28203125 0.0359375 0.0421875
6 0.77421875 0.24140625 0.0359375 0.0421875
6 0.375 0.34296875 0.0328125 0.05
6 0.39453125 0.29921875 0.0359375 0.04375
6 0.36015625 0.296875 0.0359375 0.04375
6 0.3625 0.25546875 0.0359375 0.04375
6 0.396875 0.2578125 0.0359375 0.0421875
6 0.36484375 0.2140625 0.0359375 0.04375
6 0.39921875 0.2171875 0.0359375 0.04375
6 0.2828125 0.2625 0.0359375 0.04375
6 0.24921875 0.2609375 0.0359375 0.04375
6 0.25078125 0.21953125 0.0359375 0.0421875
6 0.284375 0.22109375 0.0359375 0.04375
6 0.25390625 0.33671875 0.0328125 0.05
6 0.225 0.33515625 0.0328125 0.05
6 0.25078125 0.38515625 0.03125 0.05
6 0.221875 0.38359375 0.03125 0.05
6 0.24453125 0.46171875 0.0328125 0.05
6 0.21484375 0.46015625 0.0328125 0.05
6 0.24140625 0.51015625 0.03125 0.05
6 0.2125 0.50859375 0.03125 0.0484375
6 0.2203125 0.5890625 0.0359375 0.04375
6 0.225 0.7078125 0.0328125 0.05
6 0.5390625 0.5171875 0.0328125 0.05
6 0.509375 0.515625 0.03125 0.05
6 0.48125 0.5140625 0.03125 0.05
6 0.48359375 0.465625 0.03125 0.0484375
6 0.5125 0.46796875 0.03125 0.0484375
6 0.54140625 0.46953125 0.0328125 0.0484375
6 0.40390625 0.4875 0.0328125 0.05
6 0.40078125 0.53515625 0.0328125 0.05
10 0.8515625 0.278125 0.0546875 0.0765625
10 0.85703125 0.39453125 0.05625 0.0765625
10 0.29296875 0.69296875 0.0546875 0.078125
10 0.196875 0.65859375 0.0328125 0.0578125
9 0.3015625 0.5609375 0.01875 0.0515625
2 0.65234375 0.4609375 0.0609375 0.0546875
10 0.646875 0.5140625 0.04375 0.05
11 0.66640625 0.54375 0.0234375 0.028125
11 0.61484375 0.56328125 0.0171875 0.028125
11 0.61328125 0.590625 0.01875 0.028125
11 0.6125 0.61484375 0.01875 0.021875
11 0.61171875 0.63515625 0.0203125 0.021875