6 0.55703125 0.6546875 0.03515625 0.0421875
6 0.55625 0.696875 0.03515625 0.04140625
6 0.55703125 0.7375 0.03515625 0.040625
6 0.55625 0.77890625 0.034375 0.0421875
6 0.521875 0.778125 0.034375 0.0421875
6 0.521875 0.73671875 0.03515625 0.040625
6 0.521875 0.69609375 0.034375 0.040625
6 0.521875 0.65546875 0.034375 0.04140625
6 0.4578125 0.65390625 0.03359375 0.04140625
6 0.4578125 0.69453125 0.034375 0.04140625
6 0.4578125 0.7359375 0.03359375 0.04140625
6 0.4578125 0.778125 0.034375 0.0421875
6 0.4234375 0.65390625 0.034375 0.04140625
6 0.4234375 0.6953125 0.034375 0.03984375
6 0.4234375 0.7359375 0.034375 0.040625
6 0.4234375 0.7765625 0.03359375 0.040625
6 0.3671875 0.65390625 0.034375 0.0421875
6 0.3671875 0.6953125 0.034375 0.04140625
6 0.3671875 0.73671875 0.034375 0.04140625
6 0.3671875 0.77734375 0.0328125 0.04140625
6 0.33359375 0.65390625 0.034375 0.04296875
6 0.33359375 0.6953125 0.03515625 0.04296875
6 0.33359375 0.73671875 0.034375 0.04140625
6 0.33359375 0.77734375 0.03359375 0.04140625
6 0.27421875 0.690625 0.034375 0.04140625
6 0.27421875 0.73125 0.034375 0.04140625
6 0.2734375 0.77265625 0.034375 0.040625
6 0.23984375 0.690625 0.034375 0.0421875
6 0.23984375 0.73203125 0.034375 0.040625
6 0.23984375 0.77265625 0.034375 0.040625
6 0.6328125 0.65 0.0296875 0.0484375
6 0.615625 0.6953125 0.034375 0.0421875
6 0.65 0.6953125 0.03359375 0.0421875
6 0.65 0.73671875 0.034375 0.04140625
6 0.615625 0.73671875 0.034375 0.040625
6 0.65 0.778125 0.034375 0.04140625
6 0.615625 0.77734375 0.034375 0.0421875
6 0.7296875 0.72578125 0.034375 0.04140625
6 0.76328125 0.72578125 0.034375 0.04140625
6 0.76328125 0.7671875 0.034375 0.040625
6 0.7296875 0.7671875 0.034375 0.04140625
6 0.75390625 0.65 0.0296875 0.0484375
6 0.78359375 0.65 0.0296875 0.0484375
6 0.7546875 0.6015625 0.02890625 0.0484375
6 0.78359375 0.6015625 0.02890625 0.0484375
6 0.75703125 0.525 0.0296875 0.0484375
6 0.78671875 0.525 0.0296875 0.0484375
6 0.7578125 0.4765625 0.02890625 0.0484375
6 0.78671875 0.4765625 0.02890625 0.04765625
6 0.775 0.39609375 0.034375 0.0421875
6 0.7640625 0.278125 0.0296875 0.0484375
6 0.46015625 0.48515625 0.0296875 0.0484375
6 0.48984375 0.48515625 0.02890625 0.0484375
6 0.51796875 0.48515625 0.02890625 0.0484375
6 0.51796875 0.53359375 0.02890625 0.04765625
6 0.4890625 0.5328125 0.02890625 0.04765625
6 0.46015625 0.5328125 0.0296875 0.04765625
6 0.596875 0.5078125 0.0296875 0.0484375
6 0.596875 0.459375 0.0296875 0.0484375
10 0.16015625 0.73984375 0.0515625 0.07421875
10 0.14921875 0.62421875 0.05234375 0.07421875
10 0.696875 0.29609375 0.0515625 0.075
10 0.79453125 0.32578125 0.0296875 0.05703125
9 0.6953125 0.42890625 0.01640625 0.05
2 0.35 0.546875 0.05859375 0.0515625
10 0.35234375 0.49375 0.04140625 0.04765625
11 0.33125 0.46484375 0.021875 0.02734375
11 0.38203125 0.44296875 0.01640625 0.02734375
11 0.38203125 0.415625 0.0171875 0.0265625
11 0.38203125 0.39140625 0.01796875 0.0203125
11 0.38125 0.37109375 0.01875 0.02109375