6 0.04140625 0.25234375 0.03125 0.0421875
6 0.06484375 0.24921875 0.03125 0.040625
6 0.10234375 0.24609375 0.03125 0.04375
6 0.12578125 0.24296875 0.0328125 0.04375
6 0.13046875 0.2796875 0.03125 0.0421875
6 0.10625 0.28203125 0.03125 0.0421875
6 0.06953125 0.2859375 0.03125 0.0421875
6 0.0453125 0.28984375 0.03125 0.0453125
11 0.06015625 0.3109375 0.0296875 0.0140625
11 0.1203125 0.30390625 0.028125 0.0140625
11 0.06015625 0.35078125 0.0421875 0.0171875
11 0.071875 0.4578125 0.04375 0.015625
5 0.05703125 0.33828125 0.0359375 0.0171875
5 0.071875 0.471875 0.0359375 0.01875
8 0.1265625 0.4109375 0.025 0.0234375
6 0.125 0.38046875 0.028125 0.0359375
2 0.1546875 0.39296875 0.034375 0.0859375
3 0.19921875 0.2484375 0.078125 0.0625
3 0.290625 0.234375 0.053125 0.0578125
0 0.06796875 0.40390625 0.0375 0.059375
2 0.36796875 0.23515625 0.0796875 0.0859375
3 0.44140625 0.21875 0.0546875 0.059375
7 0.49296875 0.203125 0.03125 0.0421875
7 0.53046875 0.2 0.03125 0.0421875
8 0.4921875 0.25 0.0140625 0.0203125
8 0.52890625 0.2453125 0.0140625 0.0203125
2 0.58671875 0.21171875 0.065625 0.0875
0 0.64921875 0.2140625 0.0390625 0.0609375
6 0.6890625 0.18359375 0.03125 0.0421875
6 0.71328125 0.18125 0.03125 0.0421875
6 0.71875 0.2171875 0.03125 0.0421875
6 0.69296875 0.21953125 0.03125 0.040625
6 0.753125 0.17734375 0.03125 0.0421875
6 0.7765625 0.17578125 0.03125 0.04375
6 0.78046875 0.21015625 0.03125 0.04375
6 0.75703125 0.21484375 0.03125 0.04375
6 0.8375 0.16796875 0.0328125 0.0421875
6 0.84140625 0.2046875 0.03125 0.04375
6 0.8171875 0.2078125 0.03125 0.04375
6 0.8140625 0.1703125 0.0296875 0.0421875
11 0.83125 0.2296875 0.028125 0.0140625
11 0.77109375 0.2359375 0.028125 0.0140625
11 0.70859375 0.24140625 0.028125 0.0140625
3 0.85078125 0.32265625 0.0453125 0.0640625
6 0.78671875 0.31171875 0.028125 0.0359375
8 0.78984375 0.340625 0.0234375 0.025
3 0.75 0.3125 0.0421875 0.0421875
5 0.8546875 0.38359375 0.0359375 0.0203125
0 0.6609375 0.30703125 0.040625 0.040625
0 0.66484375 0.33984375 0.04375 0.040625
0 0.66796875 0.375 0.040625 0.040625
0 0.62578125 0.48203125 0.0453125 0.0859375
0 0.67890625 0.45859375 0.040625 0.04375
0 0.6828125 0.49375 0.040625 0.0421875
6 0.7421875 0.4515625 0.03125 0.0421875
6 0.74609375 0.48828125 0.03125 0.040625
6 0.721875 0.490625 0.03125 0.0421875
6 0.71796875 0.453125 0.03125 0.040625
6 0.78046875 0.4484375 0.03125 0.0421875
6 0.80546875 0.44609375 0.03125 0.0421875
6 0.80859375 0.48203125 0.03125 0.0421875
6 0.78515625 0.48515625 0.03125 0.0390625
6 0.84296875 0.44140625 0.03125 0.04375
7 0.23046875 0.525 0.034375 0.0765625
7 0.26875 0.5203125 0.0328125 0.0765625
6 0.30546875 0.49609375 0.03125 0.0453125
6 0.3296875 0.49375 0.03125 0.0453125
6 0.334375 0.53125 0.03125 0.0421875
6 0.309375 0.534375 0.03125 0.040625
7 0.3828125 0.51015625 0.0328125 0.0765625
3 0.43515625 0.50625 0.053125 0.059375
7 0.49609375 0.49765625 0.034375 0.078125
7 0.53359375 0.49296875 0.034375 0.0796875
7 0.57109375 0.4890625 0.034375 0.078125
11 0.5890625 0.48359375 0.0171875 0.0765625
6 0.865625 0.4390625 0.03125 0.0421875
6 0.8703125 0.475 0.0296875 0.040625
6 0.8453125 0.478125 0.03125 0.0421875