6 0.06953125 0.20546875 0.02734375 0.03984375
6 0.09375 0.20546875 0.02734375 0.03828125
6 0.13125 0.20625 0.0265625 0.040625
6 0.1546875 0.20546875 0.028125 0.040625
6 0.15546875 0.2421875 0.0265625 0.0390625
6 0.13125 0.2421875 0.02734375 0.0390625
6 0.09453125 0.2421875 0.02734375 0.03984375
6 0.06953125 0.24375 0.0265625 0.0421875
11 0.08203125 0.265625 0.028125 0.01171875
11 0.14296875 0.265625 0.02734375 0.01171875
11 0.078125 0.30546875 0.040625 0.0125
11 0.07890625 0.41328125 0.0421875 0.01171875
5 0.0765625 0.29296875 0.034375 0.0140625
5 0.07734375 0.42734375 0.03515625 0.01484375
8 0.13828125 0.37265625 0.02265625 0.021875
6 0.13984375 0.3421875 0.02421875 0.03359375
2 0.16796875 0.3578125 0.02578125 0.084375
3 0.22734375 0.21875 0.07265625 0.0546875
3 0.31953125 0.2140625 0.04765625 0.05390625
0 0.08046875 0.359375 0.03203125 0.05703125
2 0.39609375 0.22265625 0.07109375 0.0796875
3 0.47109375 0.2140625 0.04921875 0.0546875
7 0.52421875 0.20390625 0.0265625 0.0390625
7 0.56171875 0.2046875 0.0265625 0.03984375
8 0.51796875 0.25078125 0.0125 0.01875
8 0.55546875 0.25 0.0125 0.01953125
2 0.61640625 0.22265625 0.0578125 0.08125
0 0.678125 0.23125 0.0328125 0.05859375
6 0.72109375 0.20546875 0.02734375 0.03984375
6 0.7453125 0.20546875 0.02734375 0.03984375
6 0.746875 0.24140625 0.0265625 0.0390625
6 0.72109375 0.24140625 0.028125 0.0375
6 0.78515625 0.20546875 0.02734375 0.0390625
6 0.80859375 0.20625 0.02734375 0.04140625
6 0.809375 0.24140625 0.02734375 0.040625
6 0.78515625 0.24296875 0.0265625 0.040625
6 0.8703125 0.2046875 0.028125 0.03984375
6 0.8703125 0.2421875 0.02734375 0.040625
6 0.84609375 0.2421875 0.0265625 0.04140625
6 0.846875 0.2046875 0.02578125 0.03984375
11 0.8578125 0.265625 0.02734375 0.01171875
11 0.796875 0.265625 0.02734375 0.01171875
11 0.734375 0.26484375 0.02734375 0.01171875
3 0.8671875 0.36015625 0.0390625 0.0609375
6 0.8046875 0.34296875 0.025 0.0328125
8 0.8046875 0.371875 0.02109375 0.02265625
3 0.76796875 0.33984375 0.03828125 0.0390625
5 0.86484375 0.42109375 0.03515625 0.01640625
0 0.68046875 0.325 0.03671875 0.03671875
0 0.68046875 0.3578125 0.03984375 0.0359375
0 0.68046875 0.39296875 0.03671875 0.0375
0 0.62734375 0.4953125 0.03671875 0.08203125
0 0.68203125 0.47734375 0.0359375 0.040625
0 0.6828125 0.51328125 0.03671875 0.03828125
6 0.74609375 0.47734375 0.02734375 0.0390625
6 0.74609375 0.5140625 0.028125 0.03828125
6 0.721875 0.5140625 0.0265625 0.0390625
6 0.721875 0.4765625 0.028125 0.03828125
6 0.784375 0.478125 0.02734375 0.03984375
6 0.809375 0.478125 0.0265625 0.03984375
6 0.80859375 0.5140625 0.02734375 0.0390625
6 0.78515625 0.51484375 0.02734375 0.03671875
6 0.846875 0.47734375 0.0265625 0.04140625
7 0.2296875 0.496875 0.0265625 0.07421875
7 0.26796875 0.49609375 0.02578125 0.07421875
6 0.30703125 0.47578125 0.02734375 0.0421875
6 0.33125 0.47578125 0.0265625 0.0421875
6 0.33203125 0.5140625 0.02734375 0.0390625
6 0.30703125 0.5140625 0.02734375 0.03828125
7 0.38203125 0.49765625 0.02578125 0.075
3 0.43515625 0.49921875 0.046875 0.05546875
7 0.49609375 0.496875 0.0265625 0.075
7 0.534375 0.496875 0.0265625 0.07734375
7 0.571875 0.496875 0.0265625 0.075
11 0.590625 0.49296875 0.00859375 0.0765625
6 0.8703125 0.47734375 0.0265625 0.0390625
6 0.87109375 0.5140625 0.0265625 0.03828125
6 0.84609375 0.5140625 0.0265625 0.0390625