6 0.95 0.2359375 0.0296875 0.0421875
6 0.92578125 0.234375 0.0296875 0.040625
6 0.88828125 0.2328125 0.0296875 0.0421875
6 0.86484375 0.23046875 0.03125 0.0421875
6 0.86171875 0.2671875 0.0296875 0.040625
6 0.8859375 0.26875 0.0296875 0.040625
6 0.92265625 0.27109375 0.0296875 0.0421875
6 0.94765625 0.27421875 0.0296875 0.04375
11 0.93359375 0.2953125 0.028125 0.0140625
11 0.87265625 0.29140625 0.028125 0.0140625
11 0.934375 0.33515625 0.040625 0.015625
11 0.92578125 0.44296875 0.0421875 0.0140625
5 0.93671875 0.32265625 0.0359375 0.0171875
5 0.9265625 0.45703125 0.0359375 0.0171875
8 0.86953125 0.3984375 0.0234375 0.0234375
6 0.8703125 0.36796875 0.0265625 0.0359375
2 0.84140625 0.38125 0.03125 0.0859375
3 0.79140625 0.23828125 0.0765625 0.059375
3 0.7 0.22734375 0.0515625 0.0578125
0 0.928125 0.3890625 0.0359375 0.059375
2 0.62265625 0.23046875 0.0765625 0.084375
3 0.5484375 0.21640625 0.053125 0.0578125
7 0.496875 0.203125 0.0296875 0.040625
7 0.459375 0.20078125 0.0296875 0.0421875
8 0.49921875 0.25 0.0140625 0.0203125
8 0.46171875 0.246875 0.0140625 0.0203125
2 0.403125 0.21484375 0.0640625 0.084375
0 0.34140625 0.21953125 0.0375 0.0609375
6 0.3 0.190625 0.0296875 0.0421875
6 0.27578125 0.1890625 0.0296875 0.0421875
6 0.271875 0.225 0.0296875 0.040625
6 0.29765625 0.2265625 0.03125 0.0390625
6 0.2359375 0.1859375 0.0296875 0.040625
6 0.2125 0.18515625 0.0296875 0.04375
6 0.209375 0.2203125 0.0296875 0.0421875
6 0.23359375 0.2234375 0.0296875 0.0421875
6 0.1515625 0.1796875 0.03125 0.0421875
6 0.1484375 0.2171875 0.0296875 0.0421875
6 0.17265625 0.21875 0.0296875 0.04375
6 0.17421875 0.18125 0.028125 0.0421875
11 0.159375 0.24140625 0.028125 0.0140625
11 0.2203125 0.2453125 0.028125 0.0140625
11 0.2828125 0.24921875 0.028125 0.0140625
3 0.14375 0.33515625 0.04375 0.0640625
6 0.20703125 0.321875 0.0265625 0.034375
8 0.2046875 0.35078125 0.021875 0.0234375
3 0.24375 0.321875 0.040625 0.0421875
5 0.14140625 0.39609375 0.0359375 0.01875
0 0.33203125 0.3125 0.0390625 0.0390625
0 0.3296875 0.3453125 0.0421875 0.0390625
0 0.32734375 0.38046875 0.0390625 0.040625
0 0.3734375 0.48671875 0.0421875 0.084375
0 0.3203125 0.46484375 0.0390625 0.04375
0 0.31640625 0.50078125 0.0390625 0.040625
6 0.25625 0.46015625 0.0296875 0.040625
6 0.25390625 0.496875 0.03125 0.040625
6 0.27734375 0.4984375 0.0296875 0.040625
6 0.28046875 0.4609375 0.03125 0.040625
6 0.21796875 0.45859375 0.0296875 0.0421875
6 0.19296875 0.45625 0.0296875 0.0421875
6 0.19140625 0.4921875 0.0296875 0.040625
6 0.21484375 0.49453125 0.0296875 0.0390625
6 0.15546875 0.453125 0.0296875 0.04375
7 0.76953125 0.515625 0.03125 0.0765625
7 0.73203125 0.5125 0.03125 0.0765625
6 0.69453125 0.4890625 0.0296875 0.04375
6 0.6703125 0.4875 0.0296875 0.04375
6 0.66640625 0.52578125 0.0296875 0.040625
6 0.69140625 0.52734375 0.0296875 0.040625
7 0.61796875 0.50625 0.03125 0.0765625
3 0.56484375 0.50390625 0.05 0.059375
7 0.50390625 0.496875 0.03125 0.0765625
7 0.465625 0.49453125 0.03125 0.0796875
7 0.42890625 0.4921875 0.03125 0.0765625
11 0.41015625 0.48671875 0.0140625 0.0765625
6 0.13203125 0.4515625 0.0296875 0.040625
6 0.12890625 0.48828125 0.0296875 0.040625
6 0.15390625 0.48984375 0.0296875 0.040625