3 0.6609375 0.146875 0.153125 0.1578125
3 0.52265625 0.109375 0.05625 0.0890625
3 0.68984375 0.78203125 0.0484375 0.225
3 0.6015625 0.58515625 0.05625 0.1296875
3 0.53125 0.34609375 0.065625 0.1125
3 0.39921875 0.3359375 0.040625 0.1046875
6 0.55390625 0.19375 0.0296875 0.0671875
6 0.38984375 0.09296875 0.0328125 0.0859375
6 0.35625 0.09296875 0.0328125 0.0859375
6 0.390625 0.17578125 0.0328125 0.0859375
6 0.3578125 0.175 0.034375 0.0859375
6 0.2875 0.09453125 0.0328125 0.08125
6 0.25546875 0.09375 0.034375 0.08125
6 0.28984375 0.17421875 0.0359375 0.08125
6 0.25703125 0.1734375 0.0328125 0.084375
6 0.58828125 0.7203125 0.0421875 0.1
6 0.56171875 0.690625 0.0421875 0.096875
2 0.68125 0.5796875 0.0921875 0.1640625
5 0.67734375 0.521875 0.028125 0.05
5 0.4953125 0.56328125 0.0234375 0.059375
5 0.4875 0.69609375 0.0265625 0.0640625
5 0.46328125 0.6828125 0.025 0.059375
5 0.18125 0.3875 0.040625 0.0875
5 0.5546875 0.0671875 0.0234375 0.04375
5 0.73515625 0.24453125 0.0265625 0.0546875
5 0.67265625 0.4359375 0.0203125 0.03125
5 0.6375 0.43671875 0.0140625 0.034375
5 0.709375 0.43125 0.015625 0.0203125
5 0.646875 0.65703125 0.0203125 0.04375
5 0.746875 0.959375 0.0234375 0.046875
6 0.38828125 0.49296875 0.04375 0.090625
6 0.37265625 0.57265625 0.040625 0.1015625
6 0.34921875 0.546875 0.046875 0.096875
6 0.3625 0.46640625 0.0421875 0.09375
6 0.2828125 0.39609375 0.040625 0.1
6 0.271875 0.47109375 0.053125 0.1015625
6 0.2578125 0.36484375 0.0390625 0.0875
6 0.240625 0.45234375 0.05 0.09375
9 0.51015625 0.1859375 0.034375 0.0546875
5 0.48828125 0.17421875 0.0140625 0.0265625
11 0.42734375 0.303125 0.0125 0.0625
11 0.42890625 0.37421875 0.0125 0.0828125
5 0.28125 0.33515625 0.0296875 0.0421875
5 0.38515625 0.43828125 0.0296875 0.04375
5 0.56015625 0.5921875 0.0125 0.0296875
5 0.57109375 0.5390625 0.0125 0.034375
11 0.75 0.83515625 0.01875 0.190625