3 0.3328125 0.15 0.15078125 0.15546875
3 0.4703125 0.11015625 0.05546875 0.0875
3 0.31484375 0.78515625 0.04375 0.225
3 0.4 0.58671875 0.05390625 0.12890625
3 0.46640625 0.346875 0.06328125 0.1109375
3 0.59765625 0.334375 0.0390625 0.10390625
6 0.440625 0.19453125 0.02890625 0.0671875
6 0.603125 0.09140625 0.03203125 0.0859375
6 0.63671875 0.090625 0.03203125 0.08515625
6 0.60390625 0.17421875 0.03203125 0.0859375
6 0.63671875 0.17265625 0.0328125 0.0859375
6 0.70546875 0.090625 0.03125 0.08125
6 0.7375 0.08984375 0.0328125 0.08125
6 0.7046875 0.1703125 0.034375 0.08046875
6 0.7375 0.16953125 0.03203125 0.08359375
6 0.415625 0.721875 0.03984375 0.09921875
6 0.44140625 0.69140625 0.03984375 0.096875
2 0.3203125 0.5828125 0.0890625 0.16328125
5 0.3234375 0.525 0.0265625 0.05
5 0.50546875 0.56328125 0.02265625 0.059375
5 0.515625 0.69609375 0.025 0.0640625
5 0.53984375 0.68203125 0.0234375 0.059375
5 0.81640625 0.38203125 0.03984375 0.08671875
5 0.4375 0.06796875 0.02265625 0.04296875
5 0.26015625 0.2484375 0.025 0.0546875
5 0.3265625 0.4390625 0.01953125 0.03125
5 0.36171875 0.4390625 0.01328125 0.03359375
5 0.28984375 0.43515625 0.01484375 0.0203125
5 0.35625 0.659375 0.0203125 0.04375
5 0.2609375 0.96328125 0.02265625 0.046875
6 0.61171875 0.49140625 0.0421875 0.090625
6 0.62890625 0.5703125 0.03828125 0.10078125
6 0.6515625 0.54453125 0.0453125 0.096875
6 0.63671875 0.4640625 0.040625 0.09375
6 0.715625 0.3921875 0.0390625 0.09921875
6 0.72734375 0.4671875 0.0515625 0.10078125
6 0.73984375 0.3609375 0.03828125 0.08671875
6 0.75859375 0.44765625 0.04765625 0.09296875
9 0.484375 0.1859375 0.03359375 0.05390625
5 0.50625 0.17421875 0.0140625 0.02578125
11 0.56953125 0.3015625 0.01171875 0.0625
11 0.56875 0.37265625 0.0109375 0.0828125
5 0.715625 0.33125 0.0296875 0.04140625
5 0.6140625 0.4359375 0.0296875 0.04296875
5 0.44140625 0.59296875 0.01171875 0.02890625
5 0.4296875 0.540625 0.0125 0.034375
11 0.25625 0.83984375 0.01484375 0.18984375