3 0.3390625 0.853125 0.153125 0.1578125
3 0.47734375 0.890625 0.05625 0.0890625
3 0.31015625 0.21796875 0.0484375 0.225
3 0.3984375 0.41484375 0.05625 0.1296875
3 0.46875 0.65390625 0.065625 0.1125
3 0.60078125 0.6640625 0.040625 0.1046875
6 0.44609375 0.80625 0.0296875 0.0671875
6 0.61015625 0.90703125 0.0328125 0.0859375
6 0.64375 0.90703125 0.0328125 0.0859375
6 0.609375 0.82421875 0.0328125 0.0859375
6 0.6421875 0.825 0.034375 0.0859375
6 0.7125 0.90546875 0.0328125 0.08125
6 0.74453125 0.90625 0.034375 0.08125
6 0.71015625 0.82578125 0.0359375 0.08125
6 0.74296875 0.8265625 0.0328125 0.084375
6 0.41171875 0.2796875 0.0421875 0.1
6 0.43828125 0.309375 0.0421875 0.096875
2 0.31875 0.4203125 0.0921875 0.1640625
5 0.32265625 0.478125 0.028125 0.05
5 0.5046875 0.43671875 0.0234375 0.059375
5 0.5125 0.30390625 0.0265625 0.0640625
5 0.53671875 0.3171875 0.025 0.059375
5 0.81875 0.6125 0.040625 0.0875
5 0.4453125 0.9328125 0.0234375 0.04375
5 0.26484375 0.75546875 0.0265625 0.0546875
5 0.32734375 0.5640625 0.0203125 0.03125
5 0.3625 0.56328125 0.0140625 0.034375
5 0.290625 0.56875 0.015625 0.0203125
5 0.353125 0.34296875 0.0203125 0.04375
5 0.253125 0.040625 0.0234375 0.046875
6 0.61171875 0.50703125 0.04375 0.090625
6 0.62734375 0.42734375 0.040625 0.1015625
6 0.65078125 0.453125 0.046875 0.096875
6 0.6375 0.53359375 0.0421875 0.09375
6 0.7171875 0.60390625 0.040625 0.1
6 0.728125 0.52890625 0.053125 0.1015625
6 0.7421875 0.63515625 0.0390625 0.0875
6 0.759375 0.54765625 0.05 0.09375
9 0.48984375 0.8140625 0.034375 0.0546875
5 0.51171875 0.82578125 0.0140625 0.0265625
11 0.57265625 0.696875 0.0125 0.0625
11 0.57109375 0.62578125 0.0125 0.0828125
5 0.71875 0.66484375 0.0296875 0.0421875
5 0.61484375 0.56171875 0.0296875 0.04375
5 0.43984375 0.4078125 0.0125 0.0296875
5 0.42890625 0.4609375 0.0125 0.034375
11 0.25 0.16484375 0.01875 0.190625