6 0.71484375 0.07890625 0.040625 0.0484375
6 0.7234375 0.1171875 0.0421875 0.0484375
6 0.78203125 0.10078125 0.0421875 0.05
6 0.7734375 0.06484375 0.0421875 0.05
6 0.8 0.05859375 0.0421875 0.05
6 0.80859375 0.09453125 0.040625 0.0515625
6 0.865625 0.1171875 0.040625 0.0484375
6 0.85703125 0.08125 0.0421875 0.05
6 0.84765625 0.04453125 0.0421875 0.05
4 0.78984375 0.14921875 0.0609375 0.0515625
4 0.74921875 0.15703125 0.059375 0.0515625
2 0.58828125 0.13828125 0.084375 0.0984375
3 0.5109375 0.16328125 0.05625 0.0734375
9 0.4671875 0.18125 0.0296875 0.06875
3 0.40390625 0.18671875 0.05625 0.0765625
3 0.33984375 0.2078125 0.0453125 0.071875
9 0.30078125 0.21796875 0.03125 0.06875
9 0.26875 0.22734375 0.03125 0.0671875
0 0.1890625 0.26640625 0.05625 0.053125
0 0.1796875 0.228125 0.0578125 0.0515625
0 0.134375 0.2796875 0.0546875 0.0515625
0 0.12578125 0.24296875 0.0546875 0.0484375
0 0.0734375 0.25390625 0.0578125 0.0515625
0 0.0796875 0.2890625 0.0578125 0.05
0 0.26640625 0.365625 0.0453125 0.071875
0 0.296875 0.3578125 0.04375 0.075
0 0.32890625 0.35078125 0.0453125 0.075
10 0.3421875 0.41640625 0.0578125 0.065625
10 0.29921875 0.42421875 0.05625 0.06875
10 0.2578125 0.434375 0.0546875 0.06875
2 0.3859375 0.3453125 0.053125 0.075
2 0.40078125 0.415625 0.0546875 0.071875
3 0.8421875 0.47421875 0.0671875 0.0875
3 0.778125 0.484375 0.0578125 0.0734375
2 0.7234375 0.50546875 0.084375 0.1
6 0.6578125 0.5359375 0.0453125 0.0546875
6 0.63046875 0.53984375 0.0421875 0.046875
6 0.62265625 0.50625 0.040625 0.04375
6 0.65 0.50078125 0.04375 0.0453125
6 0.56640625 0.4984375 0.0453125 0.046875
6 0.53984375 0.50625 0.040625 0.046875
6 0.546875 0.53828125 0.0421875 0.0484375
6 0.553125 0.56796875 0.0421875 0.0453125
6 0.5796875 0.56171875 0.0390625 0.0453125
6 0.57265625 0.52890625 0.04375 0.040625
6 0.45703125 0.5125 0.0453125 0.046875
6 0.46484375 0.54453125 0.046875 0.046875
6 0.47109375 0.575 0.046875 0.0515625
6 0.49921875 0.56640625 0.0421875 0.046875
6 0.49140625 0.5375 0.0421875 0.04375
6 0.484375 0.50390625 0.0421875 0.04375
3 0.384375 0.5734375 0.059375 0.0796875
3 0.32578125 0.5890625 0.0609375 0.08125
3 0.2609375 0.60390625 0.059375 0.078125
3 0.18359375 0.609375 0.1 0.0890625