6 0.19609375 0.13828125 0.03203125 0.0421875
6 0.19609375 0.17734375 0.03359375 0.04140625
6 0.13515625 0.17421875 0.0328125 0.04453125
6 0.1359375 0.1375 0.0328125 0.04296875
6 0.10859375 0.1375 0.0328125 0.04453125
6 0.1078125 0.17421875 0.03203125 0.0453125
6 0.0578125 0.209375 0.03203125 0.0421875
6 0.0578125 0.17265625 0.0328125 0.04453125
6 0.05859375 0.134375 0.0328125 0.04375
4 0.1390625 0.2234375 0.05234375 0.04140625
4 0.1796875 0.221875 0.05078125 0.04140625
2 0.3328125 0.1671875 0.06640625 0.08515625
3 0.41328125 0.17421875 0.0421875 0.065625
9 0.46015625 0.18203125 0.015625 0.06640625
3 0.5234375 0.1734375 0.0421875 0.06875
3 0.590625 0.17890625 0.03125 0.0671875
9 0.63046875 0.18046875 0.01640625 0.06640625
9 0.6640625 0.18203125 0.01640625 0.065625
0 0.75078125 0.20234375 0.0484375 0.04296875
0 0.75078125 0.16328125 0.05 0.04140625
0 0.80703125 0.203125 0.046875 0.0421875
0 0.80703125 0.165625 0.04765625 0.0390625
0 0.86015625 0.1640625 0.04921875 0.04140625
0 0.86171875 0.2 0.04921875 0.040625
0 0.69765625 0.31640625 0.03046875 0.06640625
0 0.665625 0.315625 0.02890625 0.06953125
0 0.63359375 0.31640625 0.03046875 0.06953125
10 0.63515625 0.3828125 0.04609375 0.05625
10 0.67890625 0.38125 0.04453125 0.06015625
10 0.72109375 0.38125 0.04296875 0.06015625
2 0.5765625 0.3234375 0.03828125 0.06796875
2 0.57734375 0.3953125 0.04140625 0.0640625
3 0.1609375 0.5515625 0.0515625 0.07734375
3 0.22578125 0.54765625 0.04453125 0.06484375
2 0.28359375 0.55546875 0.06640625 0.0875
6 0.35390625 0.5703125 0.03515625 0.04765625
6 0.38203125 0.56796875 0.034375 0.03984375
6 0.38203125 0.53359375 0.03359375 0.0375
6 0.35390625 0.534375 0.03515625 0.0390625
6 0.43515625 0.51328125 0.03671875 0.0390625
6 0.4625 0.51484375 0.03203125 0.04140625
6 0.4625 0.54765625 0.0328125 0.0421875
6 0.46328125 0.578125 0.03359375 0.0390625
6 0.4359375 0.578125 0.03125 0.03984375
6 0.4359375 0.54453125 0.03671875 0.03359375
6 0.54453125 0.50234375 0.0375 0.0390625
6 0.54453125 0.53515625 0.03828125 0.03984375
6 0.5453125 0.56640625 0.0375 0.04375
6 0.515625 0.56484375 0.034375 0.03984375
6 0.51640625 0.534375 0.03515625 0.03671875
6 0.51640625 0.5 0.034375 0.03671875
3 0.62890625 0.5453125 0.04453125 0.07109375
3 0.68984375 0.54765625 0.0453125 0.07265625
3 0.75625 0.54765625 0.0453125 0.0703125
3 0.8328125 0.53515625 0.08671875 0.071875