6 0.82265625 0.8453125 0.034375 0.04375
6 0.8203125 0.80625 0.0359375 0.04375
6 0.88125 0.80625 0.034375 0.046875
6 0.8828125 0.84296875 0.034375 0.0453125
6 0.91015625 0.84140625 0.034375 0.046875
6 0.90859375 0.8046875 0.034375 0.046875
6 0.95703125 0.7671875 0.034375 0.04375
6 0.95859375 0.80390625 0.034375 0.046875
6 0.96015625 0.8421875 0.034375 0.0453125
4 0.875 0.75703125 0.0546875 0.04375
4 0.834375 0.7609375 0.053125 0.04375
2 0.684375 0.8234375 0.0703125 0.0890625
3 0.60390625 0.82109375 0.0453125 0.0671875
9 0.55625 0.815625 0.01875 0.0671875
3 0.49375 0.82734375 0.0453125 0.0703125
3 0.4265625 0.82578125 0.034375 0.06875
9 0.38671875 0.82578125 0.0203125 0.0671875
9 0.353125 0.82578125 0.0203125 0.065625
0 0.26484375 0.81015625 0.05 0.0453125
0 0.2671875 0.84921875 0.0515625 0.04375
0 0.20859375 0.8125 0.0484375 0.0453125
0 0.2109375 0.85 0.05 0.0421875
0 0.1578125 0.8546875 0.0515625 0.04375
0 0.1546875 0.81875 0.0515625 0.04375
0 0.3125 0.69375 0.034375 0.0671875
0 0.34453125 0.69296875 0.0328125 0.0703125
0 0.3765625 0.690625 0.034375 0.0703125
10 0.37109375 0.62421875 0.0484375 0.0578125
10 0.32734375 0.628125 0.046875 0.0625
10 0.28515625 0.63046875 0.0453125 0.0625
2 0.4328125 0.68046875 0.0421875 0.0703125
2 0.428125 0.60859375 0.0453125 0.065625
3 0.8359375 0.43046875 0.05625 0.0796875
3 0.77109375 0.43828125 0.0484375 0.0671875
2 0.71328125 0.43359375 0.0703125 0.090625
6 0.6421875 0.421875 0.0375 0.05
6 0.6140625 0.42578125 0.0359375 0.0421875
6 0.61640625 0.46015625 0.0359375 0.0390625
6 0.64375 0.4578125 0.0375 0.040625
6 0.5640625 0.48359375 0.0390625 0.040625
6 0.53671875 0.48359375 0.034375 0.04375
6 0.53515625 0.45078125 0.034375 0.04375
6 0.5328125 0.4203125 0.0359375 0.040625
6 0.56015625 0.41875 0.0328125 0.0421875
6 0.56171875 0.45234375 0.0390625 0.0359375
6 0.45546875 0.5 0.0390625 0.040625
6 0.45390625 0.4671875 0.040625 0.0421875
6 0.4515625 0.4359375 0.0390625 0.0453125
6 0.48125 0.4359375 0.0359375 0.0421875
6 0.48203125 0.46640625 0.0375 0.0390625
6 0.48359375 0.50078125 0.0359375 0.0390625
3 0.36875 0.46171875 0.0484375 0.0734375
3 0.3078125 0.4625 0.0484375 0.075
3 0.24140625 0.465625 0.0484375 0.071875
3 0.165625 0.48203125 0.090625 0.0765625