3 0.446875 0.859375 0.0875 0.059375
2 0.5265625 0.79375 0.05 0.059375
11 0.46640625 0.77109375 0.015625 0.0140625
11 0.4796875 0.7734375 0.015625 0.0140625
11 0.49296875 0.77421875 0.015625 0.0109375
11 0.41015625 0.76640625 0.0296875 0.015625
6 0.41328125 0.72734375 0.040625 0.03125
6 0.46640625 0.73359375 0.0375 0.0328125
6 0.49375 0.73671875 0.0234375 0.03125
6 0.49765625 0.7078125 0.0234375 0.03125
6 0.4703125 0.7046875 0.0390625 0.03125
6 0.41640625 0.6984375 0.040625 0.0328125
6 0.36484375 0.7078125 0.03125 0.03125
6 0.3625 0.73671875 0.03125 0.03125
6 0.33515625 0.734375 0.0296875 0.03125
6 0.3375 0.70546875 0.03125 0.0328125
6 0.37109375 0.65 0.0296875 0.03125
6 0.34375 0.646875 0.03125 0.0328125
6 0.346875 0.61875 0.03125 0.03125
6 0.3734375 0.621875 0.0296875 0.03125
6 0.42265625 0.640625 0.0390625 0.03125
6 0.47265625 0.64609375 0.0296875 0.0328125
6 0.5 0.64921875 0.03125 0.03125
6 0.503125 0.61953125 0.03125 0.0328125
6 0.47578125 0.6171875 0.03125 0.0328125
6 0.4265625 0.6109375 0.0421875 0.0328125
6 0.38125 0.56484375 0.0328125 0.034375
6 0.353125 0.56171875 0.0296875 0.034375
11 0.353125 0.54296875 0.025 0.0078125
11 0.37890625 0.5453125 0.0203125 0.0078125
11 0.4203125 0.66953125 0.021875 0.00625
11 0.4703125 0.675 0.021875 0.00625
11 0.496875 0.678125 0.021875 0.0078125
11 0.3640625 0.67890625 0.021875 0.00625
11 0.33828125 0.6765625 0.021875 0.00625
11 0.3734375 0.5921875 0.021875 0.0078125
11 0.346875 0.5890625 0.021875 0.009375
11 0.4296875 0.578125 0.028125 0.015625
11 0.49375 0.58515625 0.05625 0.01875
0 0.39921875 0.4546875 0.0421875 0.06875
8 0.4640625 0.51875 0.040625 0.021875
8 0.50625 0.52265625 0.0390625 0.021875
3 0.32265625 0.403125 0.0546875 0.065625
9 0.31875 0.3546875 0.040625 0.021875
8 0.3546875 0.3515625 0.0265625 0.0328125
2 0.3890625 0.26328125 0.034375 0.05
2 0.3234375 0.259375 0.04375 0.0671875
9 0.33515625 0.16796875 0.0421875 0.0359375
9 0.3765625 0.171875 0.0390625 0.0359375
6 0.41640625 0.17734375 0.0234375 0.0265625
6 0.41328125 0.2015625 0.025 0.0265625
6 0.434375 0.2046875 0.021875 0.0265625
6 0.43671875 0.17890625 0.0234375 0.028125
6 0.4625 0.2078125 0.0234375 0.028125
6 0.48203125 0.21015625 0.021875 0.028125
6 0.484375 0.18359375 0.0234375 0.028125
6 0.46484375 0.18203125 0.021875 0.028125
6 0.44609375 0.30234375 0.05 0.04375
11 0.471875 0.3640625 0.028125 0.0140625
11 0.56640625 0.21796875 0.015625 0.0765625
6 0.6015625 0.2015625 0.025 0.040625
6 0.596875 0.23984375 0.0265625 0.0421875
1 0.5890625 0.38046875 0.0140625 0.0578125
7 0.54765625 0.54296875 0.034375 0.034375
7 0.53984375 0.59765625 0.03125 0.034375
7 0.534375 0.653125 0.03125 0.034375
7 0.52890625 0.7125 0.03125 0.034375
11 0.51953125 0.75390625 0.0234375 0.0125
11 0.52734375 0.6890625 0.0234375 0.0125
11 0.534375 0.62890625 0.0234375 0.0125
11 0.5390625 0.575 0.021875 0.0140625
9 0.565625 0.5703125 0.025 0.021875
9 0.5578125 0.625 0.0234375 0.0234375
9 0.55234375 0.68515625 0.0234375 0.0234375
9 0.54453125 0.7515625 0.0203125 0.021875