3 0.45859375 0.1390625 0.0890625 0.0625
2 0.3984375 0.2234375 0.053125 0.0609375
11 0.46171875 0.22890625 0.0171875 0.0140625
11 0.4484375 0.23046875 0.0171875 0.0140625
11 0.4359375 0.23359375 0.015625 0.0109375
11 0.51796875 0.21953125 0.03125 0.0171875
6 0.525 0.2578125 0.0421875 0.034375
6 0.471875 0.265625 0.0390625 0.034375
6 0.44453125 0.26953125 0.025 0.03125
6 0.4484375 0.2984375 0.025 0.03125
6 0.47578125 0.2953125 0.040625 0.0328125
6 0.5296875 0.28671875 0.0421875 0.034375
6 0.5765625 0.2640625 0.0328125 0.0328125
6 0.57109375 0.2359375 0.0328125 0.0328125
6 0.59921875 0.23125 0.03125 0.0328125
6 0.60390625 0.259375 0.0328125 0.034375
6 0.5859375 0.321875 0.03125 0.0328125
6 0.6125 0.31796875 0.0328125 0.034375
6 0.6171875 0.3453125 0.0328125 0.0328125
6 0.590625 0.34921875 0.03125 0.0328125
6 0.53828125 0.34453125 0.0390625 0.0328125
6 0.48828125 0.3515625 0.03125 0.0328125
6 0.46171875 0.35546875 0.0328125 0.0328125
6 0.465625 0.38515625 0.0328125 0.034375
6 0.49296875 0.38125 0.0328125 0.034375
6 0.5421875 0.37421875 0.04375 0.034375
6 0.5984375 0.40703125 0.034375 0.0359375
6 0.62578125 0.40234375 0.03125 0.0359375
11 0.63046875 0.42109375 0.025 0.0078125
11 0.60546875 0.425 0.0203125 0.0078125
11 0.53359375 0.31484375 0.021875 0.0078125
11 0.4828125 0.3234375 0.021875 0.0078125
11 0.45703125 0.32734375 0.021875 0.009375
11 0.58515625 0.2921875 0.021875 0.0078125
11 0.61015625 0.28828125 0.021875 0.0078125
11 0.5984375 0.378125 0.021875 0.009375
11 0.625 0.37421875 0.021875 0.0109375
11 0.54765625 0.40625 0.0296875 0.0171875
11 0.484375 0.41640625 0.05625 0.0203125
0 0.60859375 0.5171875 0.0453125 0.0703125
8 0.5296875 0.47265625 0.040625 0.0234375
8 0.48828125 0.4796875 0.0390625 0.0234375
3 0.696875 0.54765625 0.0578125 0.0671875
9 0.7125 0.59375 0.040625 0.025
8 0.67890625 0.60546875 0.028125 0.034375
2 0.66875 0.69921875 0.0375 0.0515625
2 0.7328125 0.68671875 0.046875 0.06875
9 0.7453125 0.778125 0.04375 0.0375
9 0.70390625 0.78515625 0.040625 0.0375
6 0.66484375 0.790625 0.025 0.028125
6 0.6609375 0.765625 0.025 0.028125
6 0.63984375 0.76796875 0.0234375 0.028125
6 0.64375 0.79375 0.0234375 0.028125
6 0.61171875 0.77265625 0.0234375 0.028125
6 0.59296875 0.77578125 0.0234375 0.028125
6 0.596875 0.8015625 0.0234375 0.028125
6 0.61640625 0.79765625 0.0234375 0.028125
6 0.603125 0.6765625 0.0515625 0.0453125
11 0.5625 0.6234375 0.028125 0.015625
11 0.50859375 0.78984375 0.0203125 0.0765625
6 0.4796875 0.8140625 0.0265625 0.040625
6 0.4734375 0.7765625 0.028125 0.04375
1 0.4453125 0.63828125 0.0171875 0.0578125
7 0.44296875 0.47109375 0.034375 0.0359375
7 0.4359375 0.415625 0.0328125 0.0359375
7 0.42734375 0.3609375 0.0328125 0.0359375
7 0.4171875 0.3015625 0.0328125 0.0359375
11 0.415625 0.259375 0.0234375 0.0140625
11 0.425 0.32421875 0.0234375 0.0140625
11 0.43359375 0.384375 0.0234375 0.0140625
11 0.44296875 0.4375 0.0234375 0.015625
9 0.41796875 0.44921875 0.0265625 0.0234375
9 0.41171875 0.39453125 0.025 0.025
9 0.4015625 0.334375 0.0234375 0.0234375
9 0.3921875 0.26875 0.021875 0.0234375