3 0.484375 0.13671875 0.08203125 0.05078125
2 0.55703125 0.2109375 0.0453125 0.0546875
11 0.4953125 0.2265625 0.01484375 0.0125
11 0.50859375 0.22578125 0.01484375 0.0125
11 0.521875 0.2265625 0.0140625 0.009375
11 0.43828125 0.22578125 0.02890625 0.0125
6 0.4375 0.26484375 0.0375 0.028125
6 0.49140625 0.2640625 0.03515625 0.02890625
6 0.51875 0.2640625 0.0203125 0.02890625
6 0.51953125 0.29296875 0.0203125 0.02890625
6 0.4921875 0.29375 0.0359375 0.028125
6 0.4375 0.29375 0.03828125 0.02890625
6 0.3875 0.27890625 0.028125 0.028125
6 0.38828125 0.25 0.028125 0.02890625
6 0.36015625 0.25 0.02734375 0.02890625
6 0.36015625 0.27890625 0.028125 0.0296875
6 0.3875 0.3375 0.02734375 0.02890625
6 0.36015625 0.3375 0.02890625 0.0296875
6 0.36015625 0.365625 0.028125 0.028125
6 0.38671875 0.365625 0.02734375 0.028125
6 0.4375 0.35234375 0.0359375 0.02734375
6 0.48828125 0.3515625 0.0265625 0.0296875
6 0.515625 0.3515625 0.028125 0.02890625
6 0.515625 0.38125 0.028125 0.0296875
6 0.48828125 0.38125 0.028125 0.0296875
6 0.43828125 0.38203125 0.03984375 0.02890625
6 0.38828125 0.4234375 0.0296875 0.03203125
6 0.36015625 0.4234375 0.0265625 0.03203125
11 0.35859375 0.4421875 0.02421875 0.0046875
11 0.384375 0.4421875 0.0203125 0.00546875
11 0.43828125 0.32265625 0.02109375 0.0046875
11 0.4890625 0.32265625 0.02109375 0.0046875
11 0.515625 0.32265625 0.02109375 0.00546875
11 0.38359375 0.3078125 0.021875 0.0046875
11 0.3578125 0.3078125 0.021875 0.0046875
11 0.38359375 0.3953125 0.02109375 0.00546875
11 0.35703125 0.3953125 0.02109375 0.00703125
11 0.43828125 0.41484375 0.02734375 0.01328125
11 0.50234375 0.41484375 0.05546875 0.0125
0 0.3953125 0.534375 0.03515625 0.06484375
8 0.46640625 0.47734375 0.0390625 0.01796875
8 0.50859375 0.478125 0.03671875 0.01796875
3 0.31328125 0.578125 0.0484375 0.0609375
9 0.3046875 0.62578125 0.03828125 0.01875
8 0.33984375 0.63203125 0.0234375 0.03125
2 0.36484375 0.7234375 0.0296875 0.04765625
2 0.29921875 0.72109375 0.0375 0.06328125
9 0.3015625 0.81328125 0.0390625 0.03125
9 0.34296875 0.81328125 0.03515625 0.0328125
6 0.3828125 0.8125 0.02109375 0.025
6 0.3828125 0.7875 0.021875 0.025
6 0.40390625 0.78671875 0.01953125 0.025
6 0.40390625 0.8125 0.0203125 0.02578125
6 0.43203125 0.78671875 0.0203125 0.02578125
6 0.4515625 0.78671875 0.01953125 0.02578125
6 0.4515625 0.81328125 0.0203125 0.02578125
6 0.43203125 0.8125 0.01953125 0.02578125
6 0.42578125 0.690625 0.04609375 0.0390625
11 0.4578125 0.63203125 0.02734375 0.01171875
11 0.53671875 0.7875 0.0078125 0.0765625
6 0.56953125 0.80703125 0.02109375 0.03828125
6 0.56953125 0.76875 0.021875 0.040625
1 0.57578125 0.628125 0.00859375 0.05703125
7 0.5515625 0.4625 0.03046875 0.03203125
7 0.55 0.40703125 0.028125 0.03125
7 0.55 0.3515625 0.028125 0.03203125
7 0.55078125 0.29140625 0.028125 0.03125
11 0.54609375 0.24921875 0.021875 0.0109375
11 0.546875 0.31484375 0.02265625 0.0109375
11 0.54765625 0.375 0.02265625 0.01015625
11 0.546875 0.4296875 0.02109375 0.01171875
9 0.57265625 0.43671875 0.0234375 0.0203125
9 0.5703125 0.38203125 0.02109375 0.021875
9 0.57109375 0.32109375 0.02109375 0.02109375
9 0.5703125 0.2546875 0.01875 0.0203125