6 0.38046875 0.45859375 0.02734375 0.040625
6 0.40859375 0.4578125 0.0328125 0.0359375
6 0.38046875 0.49609375 0.0265625 0.0375
6 0.40859375 0.49609375 0.028125 0.03828125
6 0.38046875 0.575 0.028125 0.0375
6 0.4078125 0.57578125 0.0265625 0.0390625
6 0.38046875 0.6125 0.02578125 0.03671875
6 0.40625 0.61328125 0.02578125 0.0359375
6 0.38125 0.6515625 0.0265625 0.03671875
6 0.40625 0.65078125 0.02578125 0.03671875
6 0.27265625 0.57421875 0.02734375 0.0390625
6 0.3 0.5734375 0.028125 0.0359375
6 0.27265625 0.6125 0.028125 0.03828125
6 0.29765625 0.6125 0.0296875 0.034375
3 0.50546875 0.27265625 0.06875 0.05703125
3 0.5828125 0.2734375 0.0359375 0.046875
6 0.5171875 0.4921875 0.02734375 0.04140625
6 0.5171875 0.53046875 0.02890625 0.040625
6 0.4921875 0.53046875 0.02578125 0.040625
6 0.4921875 0.49140625 0.025 0.0390625
6 0.51640625 0.62109375 0.02734375 0.03984375
6 0.51640625 0.659375 0.02734375 0.03984375
6 0.4921875 0.659375 0.0265625 0.04140625
6 0.49140625 0.62109375 0.0265625 0.040625
6 0.29921875 0.6515625 0.02890625 0.0421875
6 0.27265625 0.65078125 0.0296875 0.04296875
6 0.29921875 0.496875 0.02734375 0.0421875
6 0.27421875 0.4984375 0.02890625 0.04296875
6 0.2984375 0.45859375 0.02890625 0.04375
6 0.2734375 0.45859375 0.0296875 0.0421875
6 0.2703125 0.36328125 0.02734375 0.04453125
6 0.30078125 0.3625 0.02578125 0.040625
6 0.37734375 0.36171875 0.02734375 0.0421875
6 0.409375 0.3625 0.0265625 0.04140625
2 0.54453125 0.39765625 0.0640625 0.04609375
11 0.33046875 0.6265625 0.00859375 0.0890625
11 0.24140625 0.62578125 0.009375 0.0890625
11 0.440625 0.62578125 0.009375 0.08828125
11 0.35078125 0.62578125 0.009375 0.0890625
11 0.46015625 0.62578125 0.009375 0.0890625
11 0.54765625 0.6265625 0.00859375 0.0890625
11 0.24296875 0.35703125 0.009375 0.03125
11 0.33359375 0.35703125 0.01015625 0.03125
11 0.44453125 0.35703125 0.009375 0.03046875
11 0.53359375 0.44609375 0.03984375 0.0296875
10 0.65234375 0.6546875 0.02890625 0.0390625
10 0.684375 0.6546875 0.0296875 0.03984375
10 0.65234375 0.60859375 0.0296875 0.04140625
0 0.59453125 0.65390625 0.0359375 0.0453125
0 0.5953125 0.60234375 0.034375 0.0453125
11 0.3453125 0.35703125 0.01015625 0.03125