6 0.62421875 0.478125 0.0328125 0.04375
6 0.596875 0.47265625 0.0375 0.040625
6 0.61875 0.51484375 0.0328125 0.040625
6 0.590625 0.51015625 0.034375 0.0421875
6 0.60625 0.59296875 0.034375 0.0421875
6 0.57890625 0.5890625 0.0328125 0.0421875
6 0.60078125 0.6296875 0.03125 0.040625
6 0.575 0.6265625 0.03125 0.0390625
6 0.59375 0.66796875 0.03125 0.040625
6 0.56875 0.66328125 0.03125 0.040625
6 0.71328125 0.60859375 0.0328125 0.0421875
6 0.6859375 0.60390625 0.0328125 0.040625
6 0.70703125 0.646875 0.034375 0.0421875
6 0.68203125 0.64296875 0.034375 0.0390625
3 0.53046875 0.27421875 0.0765625 0.0671875
3 0.45390625 0.26328125 0.0421875 0.0515625
6 0.484375 0.48984375 0.0328125 0.0453125
6 0.478125 0.52734375 0.034375 0.0453125
6 0.503125 0.53125 0.03125 0.04375
6 0.509375 0.49296875 0.03125 0.0421875
6 0.46484375 0.6171875 0.0328125 0.04375
6 0.45859375 0.6546875 0.0328125 0.04375
6 0.4828125 0.65859375 0.0328125 0.0453125
6 0.48984375 0.62109375 0.0328125 0.04375
6 0.67421875 0.68125 0.034375 0.046875
6 0.70078125 0.684375 0.0359375 0.046875
6 0.6984375 0.528125 0.034375 0.0453125
6 0.7234375 0.53359375 0.0359375 0.046875
6 0.70546875 0.490625 0.0359375 0.0484375
6 0.73046875 0.49453125 0.0359375 0.046875
6 0.7484375 0.40078125 0.034375 0.0484375
6 0.71796875 0.3953125 0.03125 0.04375
6 0.64296875 0.3828125 0.034375 0.0453125
6 0.6109375 0.378125 0.0328125 0.0453125
2 0.471875 0.3921875 0.0703125 0.05625
11 0.64765625 0.6515625 0.021875 0.0890625
11 0.7359375 0.66484375 0.0234375 0.0890625
11 0.5390625 0.63359375 0.0234375 0.0890625
11 0.62734375 0.64765625 0.0234375 0.0890625
11 0.51953125 0.63046875 0.0234375 0.0890625
11 0.4328125 0.6171875 0.021875 0.0890625
11 0.7765625 0.39921875 0.0140625 0.0328125
11 0.68671875 0.38515625 0.015625 0.0328125
11 0.57734375 0.3671875 0.0140625 0.03125
11 0.475 0.44140625 0.04375 0.0359375
10 0.325 0.62890625 0.034375 0.04375
10 0.29375 0.62421875 0.0359375 0.04375
10 0.3328125 0.58359375 0.0359375 0.0453125
0 0.3828125 0.6375 0.0421875 0.05
0 0.38984375 0.5859375 0.040625 0.05
11 0.675 0.3828125 0.015625 0.0328125