6 0.6203125 0.4609375 0.028125 0.040625
6 0.5921875 0.459375 0.0328125 0.0359375
6 0.61953125 0.4984375 0.0265625 0.0375
6 0.59140625 0.49765625 0.028125 0.0390625
6 0.61796875 0.57734375 0.028125 0.0375
6 0.590625 0.57734375 0.0265625 0.0390625
6 0.6171875 0.61484375 0.0265625 0.0375
6 0.59140625 0.61484375 0.0265625 0.0359375
6 0.61640625 0.65390625 0.0265625 0.0375
6 0.59140625 0.65234375 0.0265625 0.0375
6 0.72578125 0.578125 0.028125 0.0390625
6 0.6984375 0.5765625 0.028125 0.0359375
6 0.725 0.61640625 0.028125 0.0390625
6 0.7 0.615625 0.0296875 0.034375
3 0.4984375 0.27265625 0.0703125 0.0578125
3 0.42109375 0.271875 0.0375 0.046875
6 0.4828125 0.4921875 0.028125 0.0421875
6 0.48203125 0.53046875 0.0296875 0.040625
6 0.50703125 0.53046875 0.0265625 0.040625
6 0.5078125 0.49140625 0.025 0.0390625
6 0.48125 0.62109375 0.028125 0.040625
6 0.48046875 0.659375 0.028125 0.040625
6 0.5046875 0.659375 0.0265625 0.0421875
6 0.50625 0.62109375 0.0265625 0.040625
6 0.6984375 0.6546875 0.0296875 0.0421875
6 0.725 0.6546875 0.0296875 0.04375
6 0.70078125 0.5 0.028125 0.0421875
6 0.72578125 0.50234375 0.0296875 0.04375
6 0.70234375 0.4625 0.0296875 0.04375
6 0.72734375 0.4625 0.0296875 0.0421875
6 0.73203125 0.3671875 0.028125 0.0453125
6 0.7015625 0.365625 0.0265625 0.040625
6 0.625 0.3640625 0.028125 0.0421875
6 0.59296875 0.3640625 0.0265625 0.0421875
2 0.45703125 0.396875 0.065625 0.046875
11 0.6671875 0.6296875 0.009375 0.0890625
11 0.75625 0.63046875 0.0109375 0.0890625
11 0.55703125 0.6265625 0.0109375 0.0890625
11 0.646875 0.628125 0.0109375 0.0890625
11 0.5375 0.6265625 0.0109375 0.0890625
11 0.45 0.62578125 0.009375 0.0890625
11 0.759375 0.36171875 0.009375 0.03125
11 0.66875 0.36015625 0.0109375 0.03125
11 0.5578125 0.3578125 0.009375 0.03125
11 0.4671875 0.4453125 0.040625 0.0296875
10 0.3453125 0.65234375 0.0296875 0.0390625
10 0.31328125 0.6515625 0.0296875 0.040625
10 0.34609375 0.60625 0.0296875 0.0421875
0 0.403125 0.65234375 0.0375 0.0453125
0 0.403125 0.60078125 0.0359375 0.0453125
11 0.65703125 0.359375 0.0109375 0.03125