1 0.3421875 0.79375 0.0171875 0.065625
0 0.35859375 0.64375 0.0484375 0.0765625
0 0.37734375 0.7609375 0.0296875 0.028125
10 0.3578125 0.703125 0.0234375 0.03125
10 0.38984375 0.728125 0.025 0.03125
9 0.3328125 0.696875 0.0109375 0.0203125
9 0.334375 0.7171875 0.009375 0.0234375
9 0.33671875 0.73828125 0.009375 0.025
9 0.38984375 0.61640625 0.0109375 0.0234375
9 0.3921875 0.63828125 0.009375 0.0234375
9 0.39375 0.6609375 0.009375 0.0234375
10 0.43359375 0.63984375 0.01875 0.0265625
10 0.43203125 0.6125 0.021875 0.0265625
5 0.4359375 0.66796875 0.025 0.0359375
5 0.44453125 0.6828125 0.0125 0.0203125
5 0.75859375 0.33515625 0.0140625 0.01875
5 0.3296875 0.62265625 0.0140625 0.01875
5 0.38359375 0.64140625 0.0171875 0.065625
6 0.47421875 0.63046875 0.040625 0.0671875
2 0.4671875 0.55859375 0.046875 0.0609375
6 0.33125 0.58046875 0.0234375 0.0265625
6 0.35 0.57890625 0.0234375 0.0265625
6 0.36953125 0.57734375 0.0234375 0.0265625
6 0.3671875 0.5546875 0.0234375 0.028125
6 0.3484375 0.55625 0.0234375 0.028125
6 0.32890625 0.5578125 0.0234375 0.028125
11 0.38125 0.56484375 0.009375 0.0296875
5 0.425 0.521875 0.0203125 0.025
6 0.3265625 0.509375 0.0234375 0.0265625
6 0.34609375 0.5078125 0.0234375 0.0265625
6 0.365625 0.50625 0.0234375 0.0265625
6 0.36328125 0.4828125 0.0234375 0.028125
6 0.34453125 0.484375 0.0234375 0.0265625
6 0.325 0.4859375 0.021875 0.0265625
12 0.41796875 0.440625 0.015625 0.0515625
6 0.41328125 0.38671875 0.015625 0.0546875
6 0.378125 0.44140625 0.01875 0.0375
6 0.4625 0.4984375 0.05 0.053125
6 0.3453125 0.4484375 0.0265625 0.03125
6 0.32421875 0.45078125 0.0265625 0.03125
6 0.31953125 0.4046875 0.0265625 0.03125
6 0.340625 0.4015625 0.0265625 0.03125
6 0.3390625 0.3765625 0.025 0.0296875
6 0.31875 0.37890625 0.0265625 0.0296875
6 0.31171875 0.340625 0.021875 0.0265625
6 0.31015625 0.3171875 0.0234375 0.0265625
6 0.32890625 0.31484375 0.021875 0.0265625
6 0.33125 0.33828125 0.025 0.028125
6 0.35078125 0.3375 0.0234375 0.028125
6 0.34765625 0.31328125 0.0234375 0.0265625
11 0.3625 0.32421875 0.009375 0.0296875
11 0.36640625 0.4421875 0.0109375 0.0375
10 0.44140625 0.43515625 0.025 0.034375
10 0.4765625 0.434375 0.0265625 0.034375
3 0.44921875 0.38828125 0.0484375 0.0421875
5 0.359375 0.38828125 0.0171875 0.028125
5 0.40625 0.3328125 0.015625 0.040625
5 0.459375 0.328125 0.015625 0.0421875
3 0.4328125 0.32890625 0.0484375 0.0453125
6 0.37734375 0.265625 0.021875 0.03125
6 0.375 0.23984375 0.021875 0.0296875
6 0.37421875 0.215625 0.0203125 0.0296875
6 0.38828125 0.21328125 0.021875 0.0296875
6 0.390625 0.2390625 0.021875 0.0296875
6 0.3921875 0.26484375 0.0203125 0.0296875
6 0.43046875 0.265625 0.021875 0.03125
6 0.428125 0.23828125 0.021875 0.03125
6 0.42578125 0.2109375 0.021875 0.0328125
6 0.44140625 0.21015625 0.0203125 0.03125
6 0.44453125 0.2375 0.021875 0.03125
6 0.446875 0.26484375 0.021875 0.03125
6 0.46953125 0.23671875 0.0203125 0.03125
6 0.4671875 0.209375 0.0203125 0.03125
6 0.48359375 0.2078125 0.0203125 0.0296875
6 0.4859375 0.23515625 0.0203125 0.03125
11 0.47890625 0.25390625 0.0234375 0.0109375
3 0.57734375 0.22578125 0.05 0.065625
3 0.6203125 0.22578125 0.028125 0.0515625
3 0.6609375 0.2203125 0.0375 0.0625
8 0.5375 0.22265625 0.021875 0.015625
8 0.540625 0.20234375 0.0140625 0.021875
7 0.54296875 0.259375 0.0203125 0.03125
9 0.54609375 0.31953125 0.0390625 0.0203125
5 0.54609375 0.33359375 0.04375 0.0203125
11 0.59609375 0.31875 0.0421875 0.0203125
2 0.659375 0.3171875 0.04375 0.05
9 0.66953125 0.3578125 0.01875 0.0328125
9 0.6734375 0.3921875 0.01875 0.0328125
2 0.66640625 0.428125 0.028125 0.0328125
6 0.61328125 0.371875 0.021875 0.03125
6 0.59609375 0.3734375 0.0203125 0.03125
6 0.5984375 0.40078125 0.021875 0.03125
6 0.615625 0.39921875 0.0234375 0.03125
6 0.6171875 0.42734375 0.021875 0.03125
6 0.60078125 0.428125 0.0203125 0.03125
6 0.57265625 0.43046875 0.0203125 0.0328125
6 0.55703125 0.43203125 0.0234375 0.0328125
6 0.5546875 0.40390625 0.0203125 0.03125
6 0.5515625 0.37734375 0.021875 0.0296875
6 0.56796875 0.37578125 0.021875 0.03125
6 0.57109375 0.403125 0.021875 0.0296875
11 0.5578125 0.3578125 0.0234375 0.0125
11 0.603125 0.3546875 0.021875 0.0109375
11 0.51171875 0.3828125 0.021875 0.0109375
6 0.50390625 0.40234375 0.021875 0.0296875
6 0.50546875 0.4296875 0.021875 0.0296875
6 0.5234375 0.428125 0.021875 0.0296875
6 0.52109375 0.40078125 0.0203125 0.03125
9 0.7421875 0.33125 0.0140625 0.0453125
6 0.77890625 0.29140625 0.0359375 0.0359375
9 0.3328125 0.66171875 0.0109375 0.03125
11 0.37734375 0.49375 0.009375 0.0296875