1 0.36875 0.19375 0.0234375 0.0671875
0 0.371875 0.34453125 0.0546875 0.0796875
0 0.4 0.2296875 0.03125 0.03125
10 0.37578125 0.28515625 0.0265625 0.0328125
10 0.41015625 0.2625 0.0265625 0.0328125
9 0.35078125 0.28984375 0.0125 0.021875
9 0.3546875 0.26875 0.0109375 0.0234375
9 0.3578125 0.2484375 0.0125 0.0265625
9 0.40078125 0.37421875 0.0125 0.025
9 0.4046875 0.353125 0.0109375 0.0234375
9 0.40859375 0.33046875 0.0125 0.025
10 0.44609375 0.3546875 0.0203125 0.028125
10 0.4421875 0.38203125 0.0234375 0.0265625
5 0.45078125 0.32734375 0.028125 0.0375
5 0.4609375 0.31328125 0.0140625 0.0203125
5 0.74296875 0.68671875 0.015625 0.01875
5 0.340625 0.36328125 0.015625 0.01875
5 0.39609375 0.34921875 0.021875 0.0671875
6 0.4859375 0.3671875 0.0453125 0.06875
2 0.47265625 0.4390625 0.05 0.0640625
6 0.3390625 0.4046875 0.025 0.028125
6 0.3578125 0.40859375 0.025 0.028125
6 0.3765625 0.41171875 0.0265625 0.028125
6 0.37265625 0.43359375 0.025 0.0296875
6 0.35390625 0.43046875 0.0265625 0.0296875
6 0.334375 0.42734375 0.025 0.0296875
11 0.38671875 0.425 0.0125 0.0296875
5 0.42734375 0.47109375 0.021875 0.0265625
6 0.328125 0.475 0.025 0.028125
6 0.34765625 0.47890625 0.0265625 0.028125
6 0.36640625 0.48203125 0.025 0.028125
6 0.3625 0.50546875 0.025 0.0296875
6 0.34375 0.5015625 0.025 0.028125
6 0.32421875 0.4984375 0.025 0.028125
12 0.41328125 0.55234375 0.0203125 0.0515625
6 0.40390625 0.60546875 0.0203125 0.0546875
6 0.3734375 0.54765625 0.021875 0.0390625
6 0.4625 0.4984375 0.053125 0.05625
6 0.34140625 0.53828125 0.028125 0.0328125
6 0.3203125 0.53359375 0.028125 0.0328125
6 0.3125 0.5796875 0.028125 0.0328125
6 0.3328125 0.58359375 0.028125 0.0328125
6 0.3296875 0.60859375 0.0265625 0.03125
6 0.30859375 0.6046875 0.028125 0.03125
6 0.2984375 0.6421875 0.025 0.028125
6 0.29453125 0.665625 0.025 0.028125
6 0.31328125 0.66953125 0.025 0.028125
6 0.31796875 0.64609375 0.0265625 0.0296875
6 0.3375 0.64921875 0.025 0.0296875
6 0.33203125 0.67265625 0.025 0.028125
11 0.34765625 0.66328125 0.0125 0.0296875
11 0.36171875 0.54609375 0.0140625 0.0375
10 0.43671875 0.559375 0.028125 0.0359375
10 0.4703125 0.56328125 0.028125 0.0359375
3 0.43984375 0.60703125 0.0515625 0.0453125
5 0.35 0.59921875 0.01875 0.0296875
5 0.3921875 0.65859375 0.01875 0.040625
5 0.44453125 0.66796875 0.01875 0.0421875
3 0.41796875 0.66484375 0.0515625 0.0484375
6 0.3578125 0.7234375 0.025 0.03125
6 0.353125 0.7484375 0.0234375 0.03125
6 0.34921875 0.77265625 0.021875 0.03125
6 0.3640625 0.77578125 0.0234375 0.03125
6 0.36875 0.75078125 0.0234375 0.03125
6 0.37265625 0.725 0.021875 0.03125
6 0.4109375 0.728125 0.0234375 0.0328125
6 0.40625 0.7546875 0.0234375 0.0328125
6 0.40078125 0.78203125 0.0234375 0.034375
6 0.41640625 0.78359375 0.0234375 0.0328125
6 0.421875 0.75703125 0.0234375 0.0328125
6 0.4265625 0.7296875 0.0234375 0.0328125
6 0.446875 0.759375 0.0234375 0.0328125
6 0.4421875 0.78671875 0.0234375 0.0328125
6 0.45859375 0.7890625 0.0234375 0.03125
6 0.46328125 0.7625 0.0234375 0.0328125
11 0.4578125 0.74296875 0.0234375 0.0125
3 0.553125 0.7796875 0.05625 0.06875
3 0.59609375 0.78359375 0.03125 0.053125
3 0.6359375 0.79296875 0.0421875 0.0640625
8 0.51328125 0.77890625 0.0234375 0.0171875
8 0.51484375 0.8 0.015625 0.021875
7 0.521875 0.74375 0.0234375 0.0328125
9 0.53046875 0.68359375 0.0390625 0.0234375
5 0.53125 0.66953125 0.0453125 0.0234375
11 0.58046875 0.68828125 0.04375 0.0234375
2 0.64296875 0.69609375 0.046875 0.0515625
9 0.65625 0.65625 0.021875 0.034375
9 0.66328125 0.62265625 0.0203125 0.0328125
2 0.659375 0.5859375 0.0296875 0.034375
6 0.6015625 0.6375 0.025 0.03125
6 0.58515625 0.634375 0.0234375 0.0328125
6 0.58984375 0.6078125 0.0234375 0.0328125
6 0.60625 0.6109375 0.025 0.0328125
6 0.6109375 0.5828125 0.025 0.0328125
6 0.59375 0.5796875 0.0234375 0.0328125
6 0.565625 0.57578125 0.0234375 0.034375
6 0.55078125 0.57265625 0.025 0.034375
6 0.54609375 0.6 0.0234375 0.0328125
6 0.540625 0.6265625 0.0234375 0.03125
6 0.55703125 0.6296875 0.025 0.03125
6 0.56171875 0.603125 0.0234375 0.03125
11 0.5453125 0.646875 0.0234375 0.0140625
11 0.590625 0.65390625 0.0234375 0.0125
11 0.5015625 0.61796875 0.021875 0.0125
6 0.4953125 0.59765625 0.0234375 0.03125
6 0.49921875 0.5703125 0.0234375 0.03125
6 0.5171875 0.5734375 0.0234375 0.03125
6 0.5125 0.60078125 0.0234375 0.0328125
9 0.7265625 0.6890625 0.0171875 0.0453125
6 0.759375 0.73203125 0.0375 0.0375
9 0.34765625 0.32421875 0.0140625 0.0328125
11 0.37734375 0.49609375 0.0109375 0.0296875