1 0.6828125 0.22109375 0.01171875 0.065625
0 0.653125 0.36875 0.04296875 0.0734375
0 0.6453125 0.25078125 0.02734375 0.0265625
10 0.659375 0.31015625 0.02109375 0.02890625
10 0.6296875 0.28203125 0.021875 0.0296875
9 0.68359375 0.31875 0.009375 0.0203125
9 0.68359375 0.29765625 0.0078125 0.02265625
9 0.68359375 0.2765625 0.0078125 0.025
9 0.61953125 0.39375 0.00859375 0.0234375
9 0.61953125 0.371875 0.00703125 0.02265625
9 0.61953125 0.34921875 0.0078125 0.0234375
10 0.578125 0.36640625 0.01640625 0.02578125
10 0.57734375 0.39375 0.01953125 0.02421875
5 0.578125 0.33828125 0.021875 0.03359375
5 0.57109375 0.32265625 0.0109375 0.01875
5 0.228125 0.64140625 0.0125 0.0171875
5 0.68046875 0.39296875 0.0125 0.0171875
5 0.628125 0.36953125 0.0109375 0.065625
6 0.53671875 0.371875 0.03515625 0.0640625
2 0.5375 0.44453125 0.04140625 0.05703125
6 0.675 0.434375 0.02109375 0.025
6 0.65625 0.434375 0.02109375 0.025
6 0.63671875 0.434375 0.021875 0.025
6 0.63671875 0.45703125 0.02109375 0.02578125
6 0.65625 0.45703125 0.021875 0.0265625
6 0.67578125 0.45703125 0.02109375 0.0265625
11 0.62421875 0.44609375 0.00703125 0.02890625
5 0.5765625 0.484375 0.01796875 0.0234375
6 0.6734375 0.50546875 0.02109375 0.025
6 0.65390625 0.50546875 0.021875 0.025
6 0.634375 0.50546875 0.02109375 0.025
6 0.634375 0.52890625 0.02109375 0.0265625
6 0.65390625 0.52890625 0.02109375 0.025
6 0.6734375 0.52890625 0.0203125 0.025
12 0.5765625 0.56640625 0.01171875 0.05078125
6 0.5765625 0.6203125 0.01171875 0.05390625
6 0.61640625 0.56875 0.015625 0.03671875
6 0.5375 0.5046875 0.0453125 0.04921875
6 0.64921875 0.56484375 0.02421875 0.02890625
6 0.67109375 0.5640625 0.0234375 0.0296875
6 0.67109375 0.6109375 0.0234375 0.02890625
6 0.65 0.61171875 0.0234375 0.0296875
6 0.64921875 0.63671875 0.02265625 0.02734375
6 0.6703125 0.63671875 0.0234375 0.028125
6 0.6734375 0.675 0.0203125 0.025
6 0.6734375 0.6984375 0.02109375 0.025
6 0.6546875 0.69921875 0.0203125 0.025
6 0.65390625 0.67578125 0.02265625 0.0265625
6 0.634375 0.675 0.02109375 0.0265625
6 0.63515625 0.69921875 0.02109375 0.025
11 0.621875 0.6875 0.00703125 0.0296875
11 0.628125 0.56953125 0.00703125 0.03671875
10 0.55234375 0.56953125 0.02265625 0.0328125
10 0.51796875 0.5671875 0.0234375 0.0328125
3 0.540625 0.615625 0.0453125 0.03828125
5 0.63046875 0.6234375 0.01484375 0.02734375
5 0.57890625 0.675 0.01171875 0.0390625
5 0.52578125 0.675 0.01171875 0.040625
3 0.55234375 0.6765625 0.04453125 0.04140625
6 0.6015625 0.74453125 0.01953125 0.02890625
6 0.6015625 0.7703125 0.01953125 0.028125
6 0.60078125 0.79453125 0.01796875 0.028125
6 0.5859375 0.7953125 0.01875 0.02890625
6 0.5859375 0.76953125 0.01875 0.02890625
6 0.58671875 0.74375 0.01796875 0.028125
6 0.5484375 0.73984375 0.01875 0.03046875
6 0.5484375 0.7671875 0.01875 0.03046875
6 0.5484375 0.79453125 0.01875 0.03125
6 0.5328125 0.79375 0.01796875 0.03046875
6 0.53203125 0.76640625 0.01875 0.0296875
6 0.53203125 0.7390625 0.01875 0.03046875
6 0.50703125 0.76484375 0.01796875 0.0296875
6 0.50703125 0.7921875 0.01796875 0.0296875
6 0.490625 0.7921875 0.01796875 0.02890625
6 0.490625 0.76484375 0.01796875 0.0296875
11 0.49921875 0.746875 0.02265625 0.009375
3 0.39921875 0.76640625 0.0453125 0.0625
3 0.35625 0.7625 0.0234375 0.04921875
3 0.315625 0.76484375 0.03203125 0.06015625
8 0.43828125 0.77265625 0.02109375 0.0140625
8 0.43359375 0.79296875 0.0125 0.0203125
7 0.4359375 0.7359375 0.01796875 0.0296875
9 0.43828125 0.67578125 0.0375 0.01640625
5 0.43984375 0.66171875 0.04296875 0.01640625
11 0.38828125 0.671875 0.040625 0.0171875
2 0.325 0.66796875 0.03984375 0.04609375
9 0.31875 0.6265625 0.01640625 0.03203125
9 0.31796875 0.5921875 0.015625 0.03125
2 0.328125 0.55703125 0.025 0.03046875
6 0.37578125 0.61796875 0.01953125 0.02890625
6 0.39296875 0.61796875 0.01796875 0.0296875
6 0.39296875 0.590625 0.01875 0.03046875
6 0.37578125 0.590625 0.0203125 0.0296875
6 0.3765625 0.5625 0.01953125 0.0296875
6 0.39375 0.5625 0.01796875 0.0296875
6 0.421875 0.56328125 0.01796875 0.03125
6 0.4375 0.5625 0.0203125 0.03125
6 0.4375 0.590625 0.01796875 0.03046875
6 0.43828125 0.61796875 0.01875 0.02890625
6 0.42109375 0.61796875 0.01953125 0.02890625
6 0.42109375 0.590625 0.01875 0.02890625
11 0.4296875 0.63671875 0.021875 0.01015625
11 0.384375 0.6359375 0.021875 0.00859375
11 0.478125 0.615625 0.02109375 0.009375
6 0.4875 0.596875 0.01875 0.028125
6 0.48828125 0.56953125 0.01875 0.028125
6 0.4703125 0.56953125 0.01875 0.02890625
6 0.4703125 0.596875 0.01796875 0.0296875
9 0.24375 0.646875 0.01015625 0.04453125
6 0.20390625 0.68359375 0.0328125 0.0328125
9 0.68046875 0.353125 0.00859375 0.03125
11 0.621875 0.5171875 0.00625 0.02890625