2 0.2015625 0.44453125 0.0671875 0.078125
2 0.53125 0.45078125 0.084375 0.1203125
9 0.47734375 0.42734375 0.025 0.065625
2 0.4046875 0.6046875 0.0921875 0.1
3 0.71640625 0.715625 0.1171875 0.0875
3 0.43984375 0.753125 0.1125 0.0890625
6 0.56640625 0.7234375 0.0328125 0.05
6 0.5984375 0.7234375 0.034375 0.0515625
6 0.56875 0.7734375 0.034375 0.05
6 0.6 0.77421875 0.034375 0.05
5 0.51875 0.7484375 0.01875 0.10625
5 0.628125 0.65 0.01875 0.0375
5 0.4453125 0.56484375 0.0203125 0.0234375
5 0.44921875 0.63125 0.021875 0.0359375
5 0.46328125 0.578125 0.025 0.03125
5 0.46875 0.63984375 0.025 0.0328125
5 0.4671875 0.6078125 0.01875 0.0234375
5 0.34375 0.603125 0.025 0.0328125
5 0.34453125 0.5734375 0.028125 0.034375
5 0.34296875 0.64296875 0.0171875 0.028125
5 0.359375 0.634375 0.0234375 0.0296875
5 0.365625 0.60234375 0.0171875 0.0265625
5 0.28515625 0.55625 0.0203125 0.0453125
5 0.45390625 0.40703125 0.0171875 0.0234375
2 0.31015625 0.75 0.053125 0.13125
6 0.296875 0.4375 0.0359375 0.0515625
6 0.4203125 0.4328125 0.0359375 0.05
6 0.33046875 0.4359375 0.0375 0.05
6 0.29765625 0.48671875 0.0359375 0.05
6 0.3328125 0.48515625 0.0375 0.05
6 0.3875 0.434375 0.034375 0.05
6 0.42265625 0.48125 0.0359375 0.05
6 0.3890625 0.48203125 0.034375 0.0484375
1 0.58828125 0.50234375 0.025 0.1375
9 0.4796875 0.48984375 0.025 0.0640625
9 0.19609375 0.51953125 0.040625 0.05625
11 0.58125 0.67890625 0.0546875 0.0171875
11 0.31640625 0.5234375 0.0546875 0.0203125
11 0.4078125 0.51875 0.0546875 0.0203125
2 0.54765625 0.5265625 0.0703125 0.09375