2 0.196875 0.4921875 0.08125 0.0890625
2 0.5203125 0.5546875 0.10625 0.134375
9 0.4625 0.56640625 0.0390625 0.06875
2 0.428125 0.37734375 0.109375 0.115625
3 0.75625 0.334375 0.13125 0.1078125
3 0.49375 0.23984375 0.128125 0.109375
6 0.61171875 0.2953125 0.0421875 0.0546875
6 0.64296875 0.30234375 0.04375 0.05625
6 0.62421875 0.246875 0.0421875 0.0546875
6 0.6546875 0.253125 0.04375 0.0546875
5 0.5703125 0.2609375 0.040625 0.10625
5 0.65625 0.3796875 0.025 0.040625
5 0.46015625 0.425 0.0234375 0.0265625
5 0.47734375 0.3609375 0.028125 0.0390625
5 0.48046875 0.41640625 0.0296875 0.0359375
5 0.4984375 0.35625 0.0296875 0.0359375
5 0.48984375 0.38828125 0.0234375 0.0265625
5 0.36875 0.36640625 0.0296875 0.0359375
5 0.36328125 0.39609375 0.034375 0.0375
5 0.3765625 0.32734375 0.0234375 0.03125
5 0.390625 0.3390625 0.0296875 0.034375
5 0.38984375 0.371875 0.021875 0.0296875
5 0.3015625 0.40078125 0.028125 0.0484375
5 0.43515625 0.58125 0.021875 0.0265625
2 0.36640625 0.21640625 0.078125 0.1375
6 0.28828125 0.51875 0.0453125 0.0578125
6 0.4078125 0.54921875 0.0453125 0.0546875
6 0.32109375 0.528125 0.046875 0.05625
6 0.29921875 0.47109375 0.04375 0.05625
6 0.33359375 0.4796875 0.046875 0.05625
6 0.3765625 0.540625 0.04375 0.05625
6 0.4203125 0.5015625 0.0453125 0.0546875
6 0.3875 0.49453125 0.0421875 0.053125
1 0.58671875 0.51640625 0.053125 0.1390625
9 0.47734375 0.50546875 0.0375 0.0671875
9 0.20625 0.41796875 0.0515625 0.0625
11 0.61640625 0.3421875 0.05625 0.028125
11 0.325 0.4390625 0.05625 0.03125
11 0.41328125 0.4625 0.0578125 0.03125
2 0.55234375 0.484375 0.0875 0.10625