2 0.20390625 0.434375 0.0640625 0.07578125
2 0.5328125 0.4515625 0.08046875 0.11796875
9 0.4796875 0.4265625 0.0234375 0.06484375
2 0.40078125 0.6015625 0.08828125 0.096875
3 0.70859375 0.72265625 0.1140625 0.0828125
3 0.43125 0.75078125 0.11015625 0.0859375
6 0.55859375 0.72578125 0.03125 0.04921875
6 0.590625 0.7265625 0.0328125 0.05
6 0.559375 0.77578125 0.03203125 0.0484375
6 0.590625 0.77734375 0.0328125 0.0484375
5 0.51015625 0.74921875 0.015625 0.10546875
5 0.62265625 0.6546875 0.0171875 0.0375
5 0.44296875 0.56328125 0.01875 0.0234375
5 0.44453125 0.6296875 0.0203125 0.0359375
5 0.4609375 0.5765625 0.0234375 0.03046875
5 0.4640625 0.6390625 0.0234375 0.03125
5 0.46328125 0.60625 0.01796875 0.02265625
5 0.340625 0.59765625 0.0234375 0.03125
5 0.3421875 0.56796875 0.0265625 0.0328125
5 0.33828125 0.6375 0.01640625 0.028125
5 0.3546875 0.6296875 0.02265625 0.0296875
5 0.3625 0.59765625 0.015625 0.0265625
5 0.28359375 0.5484375 0.01796875 0.0453125
5 0.45703125 0.40546875 0.01640625 0.0234375
2 0.3015625 0.74296875 0.0484375 0.12890625
6 0.29921875 0.43046875 0.03359375 0.05078125
6 0.42265625 0.4296875 0.034375 0.0484375
6 0.3328125 0.4296875 0.0359375 0.04921875
6 0.2984375 0.4796875 0.03359375 0.04921875
6 0.33359375 0.4796875 0.0359375 0.0484375
6 0.38984375 0.43046875 0.0328125 0.04921875
6 0.4234375 0.47890625 0.034375 0.0484375
6 0.38984375 0.478125 0.03203125 0.046875
1 0.58828125 0.50546875 0.0203125 0.1375
9 0.4796875 0.4890625 0.02265625 0.06328125
9 0.1953125 0.50859375 0.0390625 0.05546875
11 0.575 0.68125 0.05390625 0.015625
11 0.315625 0.5171875 0.05390625 0.01796875
11 0.40703125 0.515625 0.0546875 0.01796875
2 0.546875 0.528125 0.0671875 0.0921875