6 0.28203125 0.07734375 0.040625 0.06015625
6 0.321875 0.078125 0.0390625 0.06171875
6 0.28125 0.12734375 0.0359375 0.04140625
6 0.321875 0.13125 0.0390625 0.04296875
6 0.28125 0.221875 0.03984375 0.0515625
6 0.32109375 0.22265625 0.0390625 0.04921875
6 0.2796875 0.271875 0.03828125 0.046875
6 0.3203125 0.27265625 0.03984375 0.0515625
6 0.40625 0.16796875 0.0390625 0.04921875
6 0.40625 0.1203125 0.0390625 0.04921875
6 0.40625 0.071875 0.0390625 0.04921875
6 0.4453125 0.07265625 0.03828125 0.04921875
6 0.446875 0.1203125 0.03984375 0.04765625
6 0.44453125 0.16875 0.03828125 0.04921875
6 0.49296875 0.07109375 0.03828125 0.04921875
6 0.53203125 0.071875 0.0375 0.05078125
6 0.53359375 0.1203125 0.03984375 0.0453125
6 0.4921875 0.1203125 0.04296875 0.05
6 0.5328125 0.1703125 0.0390625 0.053125
6 0.4921875 0.16953125 0.03984375 0.0484375
6 0.61875 0.0734375 0.03984375 0.04921875
6 0.57734375 0.07265625 0.04140625 0.0484375
6 0.61953125 0.121875 0.0421875 0.04921875
6 0.57734375 0.12109375 0.04140625 0.0484375
6 0.61953125 0.17109375 0.0390625 0.0484375
6 0.57734375 0.1703125 0.040625 0.05
6 0.55625 0.28203125 0.03671875 0.04609375
6 0.515625 0.2796875 0.04140625 0.0453125
6 0.47421875 0.27890625 0.0390625 0.04765625
6 0.55625 0.3296875 0.03984375 0.0484375
6 0.51484375 0.33046875 0.04140625 0.05234375
6 0.4734375 0.328125 0.0390625 0.046875
6 0.55546875 0.384375 0.0421875 0.05
6 0.51484375 0.38515625 0.0390625 0.04765625
6 0.47421875 0.38515625 0.040625 0.04765625
6 0.475 0.4328125 0.0390625 0.0484375
6 0.5140625 0.4328125 0.040625 0.04453125
6 0.55546875 0.43203125 0.0421875 0.046875
10 0.7765625 0.07578125 0.0453125 0.046875
10 0.7765625 0.1484375 0.0421875 0.0453125
9 0.1703125 0.153125 0.04609375 0.046875
10 0.37578125 0.2546875 0.05390625 0.0671875
9 0.16015625 0.66796875 0.05859375 0.0453125
9 0.22109375 0.66953125 0.06171875 0.04765625
7 0.17421875 0.7578125 0.06015625 0.0453125
7 0.25625 0.7578125 0.05859375 0.0484375
7 0.17265625 0.81171875 0.06328125 0.0484375
7 0.25546875 0.81328125 0.059375 0.0515625
3 0.3984375 0.80859375 0.059375 0.09921875
3 0.5140625 0.7203125 0.07109375 0.06953125
3 0.51328125 0.8 0.071875 0.09296875
3 0.34609375 0.64921875 0.07890625 0.0640625
11 0.56484375 0.553125 0.021875 0.034375
11 0.5640625 0.51171875 0.02265625 0.03515625
11 0.2546875 0.85 0.02109375 0.0234375
11 0.175 0.85 0.021875 0.02421875
11 0.13984375 0.225 0.0234375 0.084375
11 0.14609375 0.2265625 0.009375 0.07421875
11 0.13984375 0.08125 0.025 0.071875
11 0.146875 0.0765625 0.01015625 0.02265625
11 0.14765625 0.059375 0.009375 0.01171875
11 0.146875 0.1015625 0.01015625 0.025
11 0.6078125 0.21015625 0.0203125 0.02734375
11 0.5875 0.209375 0.0203125 0.0265625
11 0.52265625 0.209375 0.0203125 0.025
11 0.5015625 0.209375 0.0203125 0.02578125
11 0.43515625 0.20859375 0.0203125 0.0265625
11 0.4140625 0.20859375 0.01953125 0.02734375
11 0.38984375 0.2078125 0.02734375 0.01875
11 0.47578125 0.2078125 0.02734375 0.021875
11 0.5609375 0.2078125 0.028125 0.01953125
11 0.71015625 0.16484375 0.0703125 0.0390625
11 0.72421875 0.24453125 0.053125 0.0328125
11 0.63671875 0.24609375 0.04453125 0.03828125
11 0.7828125 0.24375 0.06484375 0.03203125
11 0.88046875 0.25234375 0.015625 0.01640625
11 0.86328125 0.25234375 0.01796875 0.01484375
11 0.3609375 0.12578125 0.02578125 0.034375
11 0.36171875 0.09453125 0.025 0.0296875
11 0.3609375 0.0640625 0.025 0.02890625
11 0.31171875 0.16015625 0.01796875 0.02578125
11 0.2921875 0.1609375 0.02109375 0.0234375
11 0.290625 0.3125 0.02265625 0.02734375
11 0.25546875 0.0953125 0.0125 0.03046875
11 0.5140625 0.66953125 0.06171875 0.0265625
6 0.534375 0.61484375 0.04765625 0.0390625
6 0.48984375 0.61484375 0.03984375 0.040625
7 0.69296875 0.07265625 0.0609375 0.05546875
7 0.1875 0.07109375 0.06875 0.05625
7 0.1859375 0.24296875 0.06328125 0.0546875
11 0.734375 0.09921875 0.0234375 0.096875
11 0.840625 0.346875 0.0953125 0.0359375
11 0.7609375 0.3453125 0.03125 0.034375
11 0.77890625 0.290625 0.053125 0.0328125
11 0.37109375 0.34765625 0.05234375 0.03515625
11 0.31796875 0.34765625 0.053125 0.03359375
11 0.33359375 0.59921875 0.0296875 0.03359375
1 0.81953125 0.10703125 0.03359375 0.11015625
11 0.44296875 0.39609375 0.0234375 0.025
11 0.44296875 0.42109375 0.0234375 0.021875
11 0.4421875 0.31796875 0.02421875 0.025
11 0.4421875 0.2921875 0.025 0.0265625
7 0.33515625 0.80234375 0.0484375 0.08125
11 0.31171875 0.3109375 0.02109375 0.028125
6 0.5296875 0.565625 0.03828125 0.04765625
6 0.4890625 0.565625 0.0421875 0.04921875
6 0.5109375 0.51953125 0.04140625 0.0421875