6 0.2890625 0.0734375 0.0421875 0.0609375
6 0.32890625 0.075 0.040625 0.0625
6 0.2875 0.1234375 0.0359375 0.0421875
6 0.328125 0.128125 0.0390625 0.04375
6 0.2859375 0.21796875 0.040625 0.0515625
6 0.32578125 0.21953125 0.040625 0.05
6 0.28359375 0.26796875 0.0390625 0.046875
6 0.32421875 0.26953125 0.040625 0.0515625
6 0.41171875 0.16640625 0.040625 0.05
6 0.41328125 0.11875 0.040625 0.05
6 0.4140625 0.0703125 0.040625 0.05
6 0.453125 0.071875 0.0390625 0.05
6 0.453125 0.11953125 0.040625 0.0484375
6 0.45 0.16796875 0.0390625 0.05
6 0.50078125 0.07109375 0.0390625 0.05
6 0.53984375 0.07265625 0.0390625 0.0515625
6 0.53984375 0.12109375 0.040625 0.0453125
6 0.4984375 0.1203125 0.04375 0.05
6 0.53828125 0.17109375 0.040625 0.053125
6 0.49765625 0.16953125 0.040625 0.0484375
6 0.6265625 0.07578125 0.040625 0.05
6 0.58515625 0.07421875 0.0421875 0.0484375
6 0.62578125 0.12421875 0.04375 0.05
6 0.58359375 0.12265625 0.0421875 0.0484375
6 0.625 0.1734375 0.040625 0.0484375
6 0.5828125 0.171875 0.0421875 0.05
6 0.56015625 0.2828125 0.0375 0.046875
6 0.51953125 0.2796875 0.0421875 0.0453125
6 0.478125 0.278125 0.040625 0.0484375
6 0.559375 0.33046875 0.040625 0.0484375
6 0.51796875 0.33046875 0.0421875 0.053125
6 0.4765625 0.32734375 0.040625 0.046875
6 0.5578125 0.38515625 0.04375 0.05
6 0.5171875 0.38515625 0.040625 0.0484375
6 0.4765625 0.384375 0.0421875 0.0484375
6 0.4765625 0.43203125 0.040625 0.0484375
6 0.51484375 0.4328125 0.040625 0.0453125
6 0.55703125 0.4328125 0.04375 0.046875
10 0.78359375 0.08046875 0.046875 0.0484375
10 0.7828125 0.153125 0.04375 0.0453125
9 0.1765625 0.14765625 0.046875 0.0484375
10 0.38046875 0.25234375 0.0546875 0.06875
9 0.15703125 0.66171875 0.059375 0.046875
9 0.21796875 0.66484375 0.0625 0.0484375
7 0.16953125 0.75234375 0.0609375 0.046875
7 0.2515625 0.75390625 0.059375 0.05
7 0.1671875 0.80625 0.0640625 0.05
7 0.25 0.80859375 0.0609375 0.053125
3 0.39296875 0.80703125 0.0609375 0.1
3 0.51015625 0.7203125 0.071875 0.0703125
3 0.5078125 0.8 0.0734375 0.09375
3 0.34375 0.646875 0.0796875 0.065625
11 0.5640625 0.55390625 0.021875 0.034375
11 0.5640625 0.5125 0.0234375 0.0359375
11 0.2484375 0.8453125 0.021875 0.0234375
11 0.16875 0.84453125 0.021875 0.025
11 0.14453125 0.21875 0.025 0.084375
11 0.15078125 0.2203125 0.0109375 0.075
11 0.146875 0.075 0.0265625 0.071875
11 0.1546875 0.0703125 0.0109375 0.0234375
11 0.15546875 0.053125 0.009375 0.0125
11 0.15390625 0.0953125 0.0109375 0.025
11 0.6125 0.21171875 0.0203125 0.028125
11 0.5921875 0.2109375 0.0203125 0.0265625
11 0.52734375 0.21015625 0.0203125 0.025
11 0.50625 0.209375 0.0203125 0.0265625
11 0.440625 0.2078125 0.0203125 0.0265625
11 0.41953125 0.20703125 0.0203125 0.028125
11 0.3953125 0.20625 0.028125 0.01875
11 0.48125 0.2078125 0.028125 0.021875
11 0.56640625 0.20859375 0.028125 0.0203125
11 0.715625 0.16875 0.0703125 0.040625
11 0.72890625 0.2484375 0.053125 0.034375
11 0.64140625 0.2484375 0.0453125 0.0390625
11 0.7875 0.2484375 0.065625 0.0328125
11 0.884375 0.259375 0.015625 0.0171875
11 0.8671875 0.25859375 0.01875 0.015625
11 0.3671875 0.1234375 0.0265625 0.034375
11 0.36875 0.0921875 0.025 0.0296875
11 0.36875 0.06171875 0.025 0.0296875
11 0.31796875 0.15703125 0.01875 0.0265625
11 0.2984375 0.15703125 0.021875 0.0234375
11 0.29375 0.30859375 0.0234375 0.028125
11 0.2625 0.09140625 0.0125 0.03125
11 0.5109375 0.66953125 0.0625 0.028125
6 0.53203125 0.615625 0.0484375 0.040625
6 0.4875 0.61484375 0.040625 0.040625
7 0.70078125 0.07578125 0.0625 0.05625
7 0.1953125 0.065625 0.0703125 0.0578125
7 0.190625 0.2375 0.0640625 0.05625
11 0.74140625 0.103125 0.025 0.096875
11 0.84296875 0.353125 0.0953125 0.0375
11 0.76328125 0.35 0.03125 0.034375
11 0.7828125 0.2953125 0.053125 0.034375
11 0.3734375 0.3453125 0.053125 0.0359375
11 0.3203125 0.34453125 0.053125 0.034375
11 0.33203125 0.59609375 0.0296875 0.034375
1 0.8265625 0.1125 0.0359375 0.1109375
11 0.44453125 0.3953125 0.0234375 0.025
11 0.44453125 0.4203125 0.0234375 0.021875
11 0.4453125 0.3171875 0.025 0.025
11 0.44609375 0.29140625 0.025 0.0265625
7 0.3296875 0.79921875 0.05 0.0828125
11 0.31484375 0.3078125 0.021875 0.028125
6 0.52890625 0.56640625 0.0390625 0.0484375
6 0.48828125 0.565625 0.04375 0.05
6 0.5109375 0.51953125 0.0421875 0.0421875