6 0.1921875 0.1375 0.053125 0.0671875
6 0.23125 0.12890625 0.0515625 0.06875
6 0.203125 0.1859375 0.04375 0.0484375
6 0.24375 0.18046875 0.0484375 0.05
6 0.22421875 0.278125 0.05 0.059375
6 0.26328125 0.2703125 0.0484375 0.05625
6 0.234375 0.32734375 0.0484375 0.0546875
6 0.2734375 0.31875 0.05 0.059375
6 0.33359375 0.19765625 0.0484375 0.05625
6 0.3234375 0.15078125 0.0484375 0.05625
6 0.3125 0.10390625 0.0484375 0.05625
6 0.35078125 0.09609375 0.0484375 0.05625
6 0.3625 0.1421875 0.05 0.0546875
6 0.37109375 0.18984375 0.0484375 0.05625
6 0.396875 0.08359375 0.0484375 0.05625
6 0.43515625 0.07578125 0.0484375 0.0578125
6 0.44765625 0.12265625 0.0484375 0.053125
6 0.40703125 0.13203125 0.053125 0.0578125
6 0.4578125 0.17109375 0.05 0.0609375
6 0.41796875 0.1796875 0.05 0.05625
6 0.51953125 0.0578125 0.05 0.05625
6 0.47890625 0.06640625 0.0515625 0.05625
6 0.53125 0.1046875 0.0515625 0.0578125
6 0.48984375 0.11328125 0.0515625 0.05625
6 0.5421875 0.15234375 0.0484375 0.05625
6 0.5015625 0.16171875 0.0515625 0.0578125
6 0.50546875 0.275 0.046875 0.053125
6 0.465625 0.28203125 0.05 0.053125
6 0.425 0.290625 0.0484375 0.0546875
6 0.51640625 0.32109375 0.05 0.05625
6 0.4765625 0.33125 0.0515625 0.0609375
6 0.43515625 0.33828125 0.0484375 0.0546875
6 0.528125 0.375 0.053125 0.0578125
6 0.48828125 0.384375 0.0484375 0.0546875
6 0.44921875 0.39375 0.05 0.05625
6 0.46015625 0.43984375 0.0484375 0.05625
6 0.4984375 0.43125 0.05 0.053125
6 0.5390625 0.42109375 0.0515625 0.0546875
10 0.67421875 0.02578125 0.0546875 0.0515625
10 0.690625 0.0953125 0.0515625 0.053125
9 0.10078125 0.2359375 0.0546875 0.05625
10 0.3234375 0.2890625 0.0671875 0.078125
9 0.20703125 0.73984375 0.0671875 0.0578125
9 0.26640625 0.728125 0.0703125 0.0609375
7 0.240625 0.82421875 0.06875 0.0578125
7 0.3203125 0.80625 0.06875 0.0609375
7 0.25078125 0.87734375 0.071875 0.0609375
7 0.33203125 0.86015625 0.06875 0.0640625
3 0.4703125 0.8234375 0.0796875 0.109375
3 0.56328125 0.71171875 0.084375 0.084375
3 0.58046875 0.7890625 0.090625 0.10625
3 0.38359375 0.6796875 0.090625 0.0796875
11 0.575 0.5375 0.0296875 0.0390625
11 0.56484375 0.496875 0.0296875 0.0390625
11 0.33984375 0.89609375 0.0265625 0.028125
11 0.26171875 0.9140625 0.0265625 0.028125
11 0.0875 0.31328125 0.0421875 0.0875
11 0.09375 0.31328125 0.0265625 0.075
11 0.0546875 0.17265625 0.040625 0.075
11 0.0609375 0.1671875 0.015625 0.025
11 0.0578125 0.15 0.0125 0.0140625
11 0.06640625 0.19140625 0.015625 0.0265625
11 0.53984375 0.19296875 0.0265625 0.03125
11 0.51953125 0.196875 0.025 0.0296875
11 0.45703125 0.21171875 0.025 0.0296875
11 0.4359375 0.21640625 0.025 0.0296875
11 0.37109375 0.23046875 0.025 0.0296875
11 0.35078125 0.23515625 0.025 0.03125
11 0.3265625 0.23984375 0.03125 0.025
11 0.4109375 0.22109375 0.03125 0.028125
11 0.49375 0.2015625 0.03125 0.025
11 0.6296875 0.12578125 0.0765625 0.053125
11 0.6609375 0.20078125 0.059375 0.04375
11 0.57578125 0.221875 0.0515625 0.046875
11 0.71796875 0.18671875 0.0703125 0.0453125
11 0.81484375 0.1734375 0.01875 0.01875
11 0.7984375 0.17734375 0.0203125 0.01875
11 0.28046875 0.16640625 0.0328125 0.0390625
11 0.27421875 0.1359375 0.03125 0.034375
11 0.26640625 0.10625 0.03125 0.034375
11 0.23984375 0.2109375 0.0234375 0.0296875
11 0.22109375 0.21640625 0.0265625 0.028125
11 0.25390625 0.3640625 0.028125 0.03125
11 0.1703125 0.1609375 0.01875 0.0328125
11 0.5515625 0.66171875 0.065625 0.0390625
6 0.559375 0.60390625 0.0546875 0.0484375
6 0.515625 0.6140625 0.0484375 0.0484375
7 0.5921875 0.03984375 0.071875 0.0671875
7 0.09921875 0.15234375 0.0796875 0.0703125
7 0.1359375 0.3203125 0.0734375 0.0671875
11 0.63828125 0.05703125 0.0453125 0.1
11 0.79765625 0.27421875 0.1015625 0.05625
11 0.71953125 0.290625 0.0375 0.040625
11 0.725 0.23359375 0.059375 0.04375
11 0.33984375 0.38046875 0.059375 0.0453125
11 0.28828125 0.3921875 0.059375 0.0453125
11 0.36015625 0.634375 0.0359375 0.0390625
1 0.72265625 0.0515625 0.0578125 0.103125
11 0.42109375 0.41171875 0.028125 0.0296875
11 0.4265625 0.4359375 0.028125 0.0265625
11 0.40234375 0.3359375 0.0296875 0.0296875
11 0.396875 0.31015625 0.0296875 0.03125
7 0.40703125 0.83203125 0.065625 0.090625
11 0.27421875 0.3578125 0.0265625 0.0328125
6 0.54375 0.55703125 0.0484375 0.0546875
6 0.50390625 0.56640625 0.0515625 0.0578125
6 0.51484375 0.51640625 0.05 0.05