3 0.6890625 0.4546875 0.07734375 0.08359375
3 0.6875 0.546875 0.0796875 0.06484375
1 0.52578125 0.66953125 0.03359375 0.0890625
5 0.35703125 0.5328125 0.053125 0.02109375
5 0.409375 0.53203125 0.05234375 0.025
5 0.53046875 0.1390625 0.02578125 0.04453125
5 0.528125 0.1875 0.02890625 0.04296875
6 0.3578125 0.49375 0.046875 0.03515625
6 0.3578125 0.45625 0.04765625 0.03984375
6 0.4046875 0.49296875 0.05 0.03984375
6 0.4046875 0.4546875 0.046875 0.040625
6 0.3578125 0.37421875 0.046875 0.0375
6 0.35859375 0.33828125 0.04375 0.0390625
6 0.40625 0.375 0.05 0.03828125
6 0.40625 0.3375 0.046875 0.0390625
6 0.3578125 0.25546875 0.046875 0.0375
6 0.35859375 0.21796875 0.046875 0.040625
6 0.40546875 0.25625 0.0484375 0.03671875
6 0.40390625 0.21640625 0.04921875 0.03828125
6 0.35859375 0.13671875 0.04453125 0.0375
6 0.359375 0.0984375 0.0453125 0.0375
6 0.4046875 0.13671875 0.0515625 0.0375
6 0.4046875 0.096875 0.0453125 0.0375
6 0.6515625 0.1359375 0.04765625 0.03828125
6 0.6515625 0.09921875 0.0484375 0.03828125
6 0.6984375 0.1359375 0.04453125 0.0375
6 0.6984375 0.0984375 0.04609375 0.0359375
6 0.6515625 0.25546875 0.04765625 0.0375
6 0.65234375 0.21796875 0.046875 0.03828125
6 0.7 0.2546875 0.05 0.03515625
6 0.69921875 0.21484375 0.04921875 0.0390625
11 0.6765625 0.178125 0.09453125 0.01171875
11 0.65859375 0.28515625 0.109375 0.0109375
11 0.38203125 0.296875 0.09453125 0.01171875
11 0.38125 0.17734375 0.09375 0.0125
11 0.659375 0.059375 0.1078125 0.01171875
11 0.39140625 0.059375 0.1078125 0.01171875
11 0.38203125 0.415625 0.0953125 0.0109375
11 0.55234375 0.6484375 0.021875 0.04453125
11 0.553125 0.6921875 0.01953125 0.04453125