3 0.30859375 0.46796875 0.0828125 0.0890625
3 0.31640625 0.56015625 0.084375 0.0703125
1 0.4859375 0.67109375 0.0390625 0.090625
5 0.64453125 0.52265625 0.0546875 0.025
5 0.59296875 0.52578125 0.0546875 0.028125
5 0.44453125 0.1421875 0.028125 0.046875
5 0.45 0.18984375 0.03125 0.0453125
6 0.64140625 0.48359375 0.0484375 0.0390625
6 0.6390625 0.44609375 0.05 0.04375
6 0.59453125 0.48671875 0.053125 0.04375
6 0.5921875 0.4484375 0.05 0.04375
6 0.6328125 0.36484375 0.05 0.040625
6 0.6296875 0.32890625 0.046875 0.0421875
6 0.58515625 0.36875 0.053125 0.0421875
6 0.58203125 0.33125 0.05 0.0421875
6 0.625 0.24609375 0.05 0.040625
6 0.62109375 0.20859375 0.05 0.04375
6 0.57734375 0.25 0.0515625 0.040625
6 0.57578125 0.21015625 0.0515625 0.0421875
6 0.615625 0.128125 0.046875 0.040625
6 0.6125 0.08984375 0.0484375 0.040625
6 0.56953125 0.13125 0.0546875 0.040625
6 0.5671875 0.09140625 0.0484375 0.040625
6 0.3234375 0.14765625 0.05 0.0421875
6 0.32109375 0.1109375 0.0515625 0.0421875
6 0.2765625 0.15078125 0.046875 0.040625
6 0.27421875 0.11328125 0.0484375 0.0390625
6 0.33203125 0.26640625 0.05 0.040625
6 0.328125 0.22890625 0.05 0.0421875
6 0.28359375 0.26953125 0.0515625 0.0390625
6 0.28125 0.2296875 0.0515625 0.0421875
11 0.3015625 0.19140625 0.0953125 0.01875
11 0.3265625 0.296875 0.109375 0.01875
11 0.603125 0.2890625 0.0953125 0.01875
11 0.59609375 0.16953125 0.09375 0.01875
11 0.31015625 0.071875 0.1078125 0.01875
11 0.57734375 0.053125 0.1078125 0.01875
11 0.61171875 0.4078125 0.0953125 0.0171875
11 0.4578125 0.6515625 0.025 0.0453125
11 0.46015625 0.6953125 0.021875 0.0453125