3 0.69140625 0.46484375 0.08125 0.0875
3 0.68515625 0.55625 0.0828125 0.06875
1 0.5171875 0.6703125 0.0375 0.090625
5 0.35546875 0.525 0.0546875 0.0234375
5 0.4078125 0.52734375 0.053125 0.028125
5 0.54921875 0.14140625 0.028125 0.0453125
5 0.54453125 0.1890625 0.03125 0.04375
6 0.35859375 0.4859375 0.0484375 0.0375
6 0.36015625 0.44921875 0.05 0.0421875
6 0.40546875 0.48828125 0.0515625 0.0421875
6 0.40703125 0.45 0.0484375 0.04375
6 0.36484375 0.3671875 0.0484375 0.040625
6 0.3671875 0.33125 0.0453125 0.040625
6 0.41328125 0.3703125 0.0515625 0.040625
6 0.41484375 0.3328125 0.0484375 0.0421875
6 0.37109375 0.2484375 0.0484375 0.040625
6 0.3734375 0.2109375 0.0484375 0.04375
6 0.41796875 0.2515625 0.05 0.0390625
6 0.41875 0.21171875 0.0515625 0.040625
6 0.378125 0.1296875 0.046875 0.0390625
6 0.38046875 0.09140625 0.046875 0.0390625
6 0.42421875 0.13203125 0.053125 0.040625
6 0.42578125 0.0921875 0.046875 0.0390625
6 0.6703125 0.14453125 0.05 0.040625
6 0.67265625 0.1078125 0.05 0.040625
6 0.7171875 0.146875 0.046875 0.0390625
6 0.71953125 0.109375 0.0484375 0.0390625
6 0.6640625 0.2640625 0.05 0.040625
6 0.6671875 0.2265625 0.0484375 0.040625
6 0.7125 0.265625 0.0515625 0.0375
6 0.7140625 0.22578125 0.0515625 0.0421875
11 0.69296875 0.1875 0.0953125 0.0171875
11 0.66953125 0.29375 0.109375 0.0171875
11 0.39296875 0.290625 0.0953125 0.0171875
11 0.3984375 0.171875 0.09375 0.0171875
11 0.68203125 0.06796875 0.1078125 0.0171875
11 0.41484375 0.05390625 0.1078125 0.0171875
11 0.38671875 0.409375 0.0953125 0.015625
11 0.54453125 0.65078125 0.0234375 0.0453125
11 0.54296875 0.69453125 0.021875 0.0453125