6 0.32109375 0.24296875 0.0265625 0.0296875
6 0.31484375 0.26640625 0.0265625 0.03125
6 0.29765625 0.26171875 0.0265625 0.0328125
6 0.303125 0.23828125 0.025 0.0296875
6 0.275 0.23125 0.0265625 0.03125
6 0.26875 0.2546875 0.0265625 0.03125
6 0.2515625 0.25078125 0.0265625 0.03125
6 0.2578125 0.22734375 0.0265625 0.0328125
6 0.22890625 0.2203125 0.0265625 0.0296875
6 0.2234375 0.24375 0.0265625 0.03125
6 0.20546875 0.2390625 0.0265625 0.03125
6 0.2109375 0.21484375 0.0265625 0.0296875
6 0.2390625 0.30703125 0.0265625 0.03125
6 0.284375 0.31796875 0.025 0.03125
6 0.27890625 0.340625 0.0265625 0.03125
6 0.26171875 0.33671875 0.0265625 0.03125
6 0.2671875 0.31328125 0.0265625 0.0296875
6 0.23203125 0.33046875 0.0265625 0.0328125
6 0.21484375 0.32578125 0.0265625 0.0328125
6 0.22109375 0.30234375 0.0265625 0.03125
10 0.12734375 0.42890625 0.028125 0.0359375
7 0.15078125 0.43984375 0.028125 0.04375
7 0.178125 0.44609375 0.028125 0.0421875
7 0.20703125 0.45234375 0.028125 0.04375
7 0.23359375 0.459375 0.028125 0.0421875
7 0.26171875 0.46640625 0.028125 0.0421875
11 0.16328125 0.4484375 0.0125 0.0265625
11 0.190625 0.45546875 0.0125 0.0265625
11 0.21875 0.4625 0.0125 0.0265625
11 0.24609375 0.46953125 0.0125 0.0265625
11 0.27421875 0.4765625 0.0125 0.0265625
6 0.3046875 0.45859375 0.028125 0.03125
6 0.30703125 0.484375 0.025 0.03125
6 0.3375 0.46640625 0.0296875 0.03125
6 0.33828125 0.4921875 0.025 0.0296875
7 0.38046875 0.49609375 0.028125 0.0421875
11 0.36484375 0.49921875 0.0109375 0.025
3 0.3421875 0.3546875 0.0375 0.0453125
3 0.3890625 0.3640625 0.0515625 0.05625
2 0.4359375 0.378125 0.028125 0.04375
6 0.4078125 0.509375 0.025 0.03125
6 0.42578125 0.5140625 0.025 0.03125
9 0.43984375 0.4734375 0.028125 0.01875
6 0.48671875 0.52890625 0.0265625 0.03125
6 0.5046875 0.53359375 0.025 0.03125
6 0.45546875 0.521875 0.025 0.0296875
6 0.4609375 0.49765625 0.0265625 0.03125
6 0.5703125 0.50859375 0.0453125 0.034375
11 0.57890625 0.5515625 0.015625 0.0328125
11 0.64765625 0.5234375 0.0234375 0.028125
11 0.62421875 0.51796875 0.025 0.0296875
11 0.615625 0.5515625 0.0234375 0.028125
11 0.64140625 0.5578125 0.0234375 0.028125
11 0.671875 0.5515625 0.0234375 0.028125
11 0.684375 0.50546875 0.04375 0.05625
11 0.65625 0.48125 0.025 0.028125
3 0.7171875 0.57265625 0.0515625 0.0546875
3 0.61015625 0.6234375 0.0578125 0.05
3 0.69375 0.6453125 0.05625 0.0484375
11 0.3390625 0.26015625 0.01875 0.05
11 0.1875 0.22109375 0.01875 0.0515625