6 0.22890625 0.6578125 0.025 0.0296875
6 0.23359375 0.63359375 0.025 0.0296875
6 0.21640625 0.63046875 0.0265625 0.03125
6 0.2109375 0.65390625 0.0234375 0.0296875
6 0.18203125 0.6484375 0.025 0.0296875
6 0.18671875 0.62421875 0.0265625 0.03125
6 0.16953125 0.62109375 0.025 0.03125
6 0.165625 0.6453125 0.025 0.03125
6 0.1359375 0.6390625 0.025 0.0296875
6 0.140625 0.615625 0.0265625 0.03125
6 0.12265625 0.61171875 0.025 0.03125
6 0.11796875 0.63671875 0.025 0.0296875
6 0.18203125 0.56484375 0.025 0.03125
6 0.228125 0.5734375 0.025 0.0296875
6 0.23203125 0.55078125 0.025 0.03125
6 0.21484375 0.546875 0.025 0.0296875
6 0.21015625 0.57109375 0.025 0.0296875
6 0.1859375 0.540625 0.025 0.03125
6 0.16796875 0.5375 0.025 0.03125
6 0.16328125 0.5609375 0.0265625 0.03125
10 0.13203125 0.40703125 0.0265625 0.0359375
7 0.15859375 0.40703125 0.0265625 0.0421875
7 0.1859375 0.4125 0.0265625 0.0421875
7 0.2140625 0.41875 0.0265625 0.0421875
7 0.24140625 0.42421875 0.0265625 0.040625
7 0.2703125 0.4296875 0.0265625 0.0421875
11 0.1734375 0.4046875 0.0109375 0.0265625
11 0.20078125 0.41015625 0.0109375 0.0265625
11 0.22890625 0.41484375 0.0109375 0.0265625
11 0.25703125 0.4203125 0.0109375 0.0265625
11 0.28515625 0.42578125 0.0109375 0.0265625
6 0.30546875 0.45546875 0.0265625 0.0296875
6 0.31796875 0.4328125 0.025 0.0296875
6 0.3390625 0.46171875 0.028125 0.03125
6 0.35 0.4390625 0.0234375 0.0296875
7 0.38984375 0.453125 0.0265625 0.0421875
11 0.37734375 0.44375 0.009375 0.025
3 0.2953125 0.565625 0.0359375 0.0453125
3 0.3421875 0.57578125 0.05 0.0546875
2 0.390625 0.58359375 0.0265625 0.04375
6 0.4203125 0.45234375 0.025 0.03125
6 0.43828125 0.45625 0.025 0.03125
9 0.434375 0.4984375 0.028125 0.0171875
6 0.5 0.46796875 0.025 0.03125
6 0.51796875 0.471875 0.025 0.03125
6 0.46875 0.4609375 0.0234375 0.028125
6 0.4640625 0.4859375 0.025 0.03125
6 0.5671875 0.521875 0.0453125 0.0328125
11 0.59375 0.4859375 0.0140625 0.0328125
11 0.64375 0.54140625 0.021875 0.028125
11 0.6203125 0.5359375 0.0234375 0.028125
11 0.6265625 0.50234375 0.0234375 0.028125
11 0.653125 0.5078125 0.021875 0.0265625
11 0.67734375 0.52578125 0.021875 0.028125
11 0.66953125 0.57265625 0.0421875 0.0546875
11 0.63359375 0.58359375 0.0234375 0.0265625
3 0.72734375 0.52578125 0.05 0.053125
3 0.6515625 0.43515625 0.05625 0.0484375
3 0.7375 0.45078125 0.05625 0.046875
11 0.253125 0.64921875 0.015625 0.05
11 0.0984375 0.62109375 0.0171875 0.0515625