6 0.2640625 0.29375 0.02109375 0.02578125
6 0.2640625 0.31796875 0.02109375 0.0265625
6 0.24609375 0.31796875 0.02109375 0.028125
6 0.2453125 0.29375 0.01953125 0.02578125
6 0.21640625 0.29375 0.02109375 0.0265625
6 0.21640625 0.31796875 0.02109375 0.02734375
6 0.1984375 0.31796875 0.0203125 0.02734375
6 0.19921875 0.29375 0.0203125 0.028125
6 0.16953125 0.29375 0.02109375 0.02578125
6 0.16953125 0.31796875 0.02109375 0.02734375
6 0.15078125 0.31796875 0.0203125 0.02734375
6 0.15078125 0.29296875 0.0203125 0.02578125
6 0.2 0.37578125 0.0203125 0.02734375
6 0.246875 0.37578125 0.01953125 0.0265625
6 0.246875 0.39921875 0.0203125 0.02734375
6 0.22890625 0.39921875 0.0203125 0.0265625
6 0.22890625 0.375 0.02109375 0.02578125
6 0.19921875 0.4 0.0203125 0.028125
6 0.18125 0.4 0.0203125 0.028125
6 0.18125 0.37578125 0.02109375 0.02734375
10 0.12109375 0.52109375 0.02109375 0.03203125
7 0.146875 0.52578125 0.01953125 0.03984375
7 0.175 0.52578125 0.01875 0.0390625
7 0.20390625 0.525 0.01875 0.03984375
7 0.23203125 0.525 0.01953125 0.03828125
7 0.2609375 0.525 0.01875 0.0390625
11 0.1609375 0.53125 0.00546875 0.0265625
11 0.1890625 0.53125 0.00703125 0.025
11 0.21796875 0.53203125 0.00625 0.02578125
11 0.24609375 0.53203125 0.00625 0.02578125
11 0.275 0.53203125 0.00625 0.02578125
6 0.30078125 0.50703125 0.02265625 0.0265625
6 0.30859375 0.53125 0.01953125 0.0265625
6 0.334375 0.50703125 0.02421875 0.0265625
6 0.34140625 0.53125 0.01953125 0.02578125
7 0.3828125 0.525 0.01875 0.0390625
11 0.36875 0.53203125 0.00546875 0.025
3 0.31171875 0.396875 0.02890625 0.03984375
3 0.359375 0.3953125 0.04140625 0.046875
2 0.40859375 0.396875 0.01953125 0.040625
6 0.4125 0.53125 0.01953125 0.02734375
6 0.43125 0.53125 0.01953125 0.02734375
9 0.43515625 0.4890625 0.02578125 0.0125
6 0.49375 0.53125 0.0203125 0.02734375
6 0.5125 0.53125 0.01953125 0.02734375
6 0.46171875 0.53203125 0.01953125 0.025
6 0.46171875 0.50703125 0.0203125 0.02734375
6 0.5703125 0.49140625 0.040625 0.02578125
11 0.5890625 0.53125 0.00859375 0.03125
11 0.64921875 0.48671875 0.01796875 0.025
11 0.625 0.4875 0.01953125 0.025
11 0.625 0.521875 0.01875 0.02421875
11 0.6515625 0.521875 0.01796875 0.02421875
11 0.67890625 0.50859375 0.01796875 0.025
11 0.68046875 0.4609375 0.03359375 0.04921875
11 0.646875 0.44375 0.01953125 0.0234375
3 0.728125 0.51796875 0.0421875 0.0453125
3 0.63671875 0.59296875 0.04921875 0.0390625
3 0.7234375 0.59375 0.04921875 0.03828125
11 0.2859375 0.30625 0.00625 0.05
11 0.12890625 0.3046875 0.00703125 0.05078125