3 0.41484375 0.4640625 0.0515625 0.0984375
9 0.3390625 0.35703125 0.0484375 0.0296875
6 0.353125 0.58671875 0.0234375 0.040625
6 0.29296875 0.62109375 0.0234375 0.0375
6 0.315625 0.621875 0.0234375 0.0390625
6 0.35234375 0.6234375 0.0234375 0.0390625
6 0.37734375 0.5859375 0.0234375 0.0390625
6 0.3765625 0.62265625 0.0234375 0.0390625
6 0.42578125 0.62421875 0.0234375 0.0390625
6 0.4265625 0.5875 0.0234375 0.0390625
6 0.4484375 0.58828125 0.025 0.0390625
6 0.4484375 0.62421875 0.0234375 0.0390625
11 0.40234375 0.60625 0.009375 0.075
10 0.478125 0.746875 0.0375 0.053125
10 0.415625 0.74375 0.034375 0.0484375
10 0.35390625 0.74296875 0.034375 0.046875
10 0.2953125 0.74140625 0.034375 0.0484375
5 0.325 0.740625 0.0171875 0.0328125
5 0.38203125 0.7515625 0.0125 0.0171875
5 0.390625 0.73671875 0.0125 0.015625
5 0.44765625 0.7453125 0.015625 0.0328125
5 0.39140625 0.66484375 0.0171875 0.0234375
5 0.37734375 0.6640625 0.0140625 0.0171875
5 0.33046875 0.6640625 0.015625 0.0234375
5 0.315625 0.6625 0.0109375 0.0171875
5 0.26796875 0.6625 0.015625 0.0234375
5 0.4390625 0.665625 0.0109375 0.0171875
5 0.453125 0.665625 0.015625 0.0234375
5 0.5015625 0.66640625 0.0140625 0.01875
2 0.48046875 0.67734375 0.0328125 0.0390625
2 0.41875 0.675 0.0328125 0.0390625
2 0.35625 0.67421875 0.0328125 0.0390625
2 0.29453125 0.6734375 0.034375 0.040625
2 0.50390625 0.53515625 0.03125 0.0421875
2 0.534375 0.5359375 0.0296875 0.040625
6 0.48046875 0.62578125 0.021875 0.0375
6 0.52578125 0.62578125 0.025 0.0390625
2 0.53671875 0.71875 0.034375 0.053125
2 0.5359375 0.76328125 0.034375 0.053125
11 0.56640625 0.73984375 0.009375 0.084375
11 0.64140625 0.74140625 0.009375 0.084375
6 0.7703125 0.715625 0.0234375 0.03125
6 0.7703125 0.74296875 0.0234375 0.0296875
6 0.76875 0.76953125 0.0234375 0.0296875
6 0.7921875 0.7703125 0.0265625 0.0296875
6 0.79375 0.74375 0.0265625 0.0296875
6 0.79296875 0.71640625 0.025 0.0296875
6 0.7328125 0.715625 0.025 0.03125
6 0.7328125 0.74296875 0.025 0.0296875
6 0.73203125 0.76953125 0.025 0.028125
11 0.71796875 0.7421875 0.009375 0.084375
2 0.61640625 0.60703125 0.04375 0.090625
9 0.6609375 0.5984375 0.028125 0.0359375
2 0.71171875 0.590625 0.0296875 0.0546875
2 0.70859375 0.64453125 0.0328125 0.0421875
2 0.65546875 0.64296875 0.03125 0.0421875
6 0.75859375 0.590625 0.025 0.0546875
11 0.734375 0.590625 0.0109375 0.05625
9 0.8078125 0.5703125 0.0234375 0.0453125
2 0.8578125 0.65390625 0.0390625 0.0390625
3 0.85 0.5828125 0.0390625 0.0578125
2 0.85703125 0.7015625 0.0375 0.0375
7 0.86640625 0.76875 0.025 0.0375
2 0.6671875 0.45859375 0.0390625 0.0578125
11 0.73046875 0.51484375 0.0765625 0.0125
6 0.665625 0.71484375 0.025 0.0296875
6 0.66484375 0.7421875 0.025 0.03125
6 0.66484375 0.76875 0.025 0.0296875
6 0.68671875 0.76875 0.025 0.03125
6 0.6875 0.7421875 0.025 0.028125
6 0.6875 0.715625 0.025 0.03125
6 0.5953125 0.71328125 0.025 0.0296875
6 0.59609375 0.73984375 0.025 0.03125
6 0.59453125 0.7671875 0.025 0.0296875
6 0.61640625 0.76796875 0.025 0.0296875
6 0.6171875 0.740625 0.025 0.03125
6 0.6171875 0.7140625 0.025 0.0296875
2 0.29453125 0.52109375 0.0390625 0.0671875
3 0.4296875 0.36796875 0.0390625 0.059375
10 0.63515625 0.3859375 0.0390625 0.0484375
9 0.68046875 0.36328125 0.0390625 0.025
9 0.68046875 0.38515625 0.0390625 0.025
9 0.67890625 0.4078125 0.0390625 0.025
9 0.68203125 0.32578125 0.0359375 0.0296875
9 0.6828125 0.30078125 0.0375 0.025
9 0.68359375 0.278125 0.0375 0.025
9 0.684375 0.2546875 0.0359375 0.028125
3 0.52421875 0.43984375 0.075 0.0578125
11 0.5203125 0.4890625 0.0859375 0.015625
11 0.471875 0.44296875 0.009375 0.0796875
11 0.2953125 0.30703125 0.015625 0.0140625
11 0.340625 0.33359375 0.0515625 0.0125
11 0.64609375 0.234375 0.021875 0.009375