3 0.5859375 0.465625 0.04921875 0.096875
9 0.66328125 0.36015625 0.04765625 0.028125
6 0.6453125 0.5890625 0.0234375 0.03984375
6 0.7046875 0.625 0.0234375 0.0375
6 0.68203125 0.625 0.0234375 0.03828125
6 0.6453125 0.62578125 0.0234375 0.03828125
6 0.62109375 0.58828125 0.0234375 0.03828125
6 0.62109375 0.625 0.0234375 0.03828125
6 0.571875 0.62578125 0.0234375 0.03828125
6 0.571875 0.5890625 0.0234375 0.03828125
6 0.55 0.5890625 0.02421875 0.03828125
6 0.54921875 0.625 0.0234375 0.0390625
11 0.59609375 0.6078125 0.0078125 0.07421875
10 0.5171875 0.746875 0.03671875 0.05234375
10 0.58046875 0.7453125 0.03359375 0.0484375
10 0.6421875 0.7453125 0.0328125 0.046875
10 0.70078125 0.7453125 0.0328125 0.0484375
5 0.67109375 0.74375 0.0171875 0.0328125
5 0.61328125 0.75390625 0.0125 0.0171875
5 0.60546875 0.73828125 0.0125 0.015625
5 0.5484375 0.74609375 0.015625 0.03203125
5 0.60546875 0.66640625 0.01640625 0.02265625
5 0.61953125 0.66640625 0.01328125 0.0171875
5 0.66640625 0.6671875 0.015625 0.02265625
5 0.68125 0.665625 0.0109375 0.0171875
5 0.72890625 0.66640625 0.015625 0.02265625
5 0.5578125 0.66640625 0.0109375 0.01640625
5 0.54375 0.66640625 0.015625 0.02265625
5 0.4953125 0.66640625 0.0140625 0.01796875
2 0.51640625 0.67734375 0.03203125 0.0390625
2 0.578125 0.6765625 0.0328125 0.03828125
2 0.640625 0.6765625 0.0328125 0.0390625
2 0.70234375 0.67734375 0.03359375 0.03984375
2 0.4953125 0.53515625 0.03125 0.04140625
2 0.46484375 0.53515625 0.0296875 0.040625
6 0.5171875 0.62578125 0.021875 0.0375
6 0.471875 0.625 0.02421875 0.0390625
2 0.459375 0.71796875 0.03359375 0.053125
2 0.459375 0.7625 0.03359375 0.05234375
11 0.4296875 0.73828125 0.0078125 0.084375
11 0.3546875 0.7390625 0.0078125 0.084375
6 0.22578125 0.7109375 0.02265625 0.03046875
6 0.22578125 0.73828125 0.0234375 0.02890625
6 0.2265625 0.76484375 0.0234375 0.0296875
6 0.203125 0.76484375 0.02578125 0.0296875
6 0.20234375 0.73828125 0.02578125 0.0296875
6 0.203125 0.7109375 0.025 0.0296875
6 0.26328125 0.71171875 0.02421875 0.03046875
6 0.26328125 0.7390625 0.02421875 0.02890625
6 0.26328125 0.765625 0.025 0.02734375
11 0.278125 0.73828125 0.00859375 0.084375
2 0.38203125 0.6046875 0.0421875 0.08984375
9 0.3375 0.5953125 0.02734375 0.0359375
2 0.28671875 0.58671875 0.028125 0.0546875
2 0.2890625 0.640625 0.0328125 0.04140625
2 0.3421875 0.640625 0.03125 0.04140625
6 0.23984375 0.5859375 0.0234375 0.05390625
11 0.2640625 0.58671875 0.009375 0.05625
9 0.190625 0.56484375 0.0234375 0.04453125
2 0.13984375 0.64765625 0.03828125 0.0390625
3 0.1484375 0.5765625 0.0375 0.05703125
2 0.13984375 0.6953125 0.0375 0.03671875
7 0.12890625 0.7625 0.02421875 0.0375
2 0.33359375 0.45546875 0.03828125 0.0578125
11 0.26953125 0.5109375 0.0765625 0.01171875
6 0.33046875 0.71171875 0.02421875 0.02890625
6 0.33125 0.7390625 0.02421875 0.03046875
6 0.33046875 0.765625 0.02421875 0.0296875
6 0.30859375 0.765625 0.02421875 0.03046875
6 0.30859375 0.7390625 0.02421875 0.028125
6 0.30859375 0.7125 0.025 0.03125
6 0.40078125 0.71171875 0.02421875 0.0296875
6 0.4 0.73828125 0.02421875 0.03125
6 0.40078125 0.765625 0.02421875 0.02890625
6 0.37890625 0.765625 0.02421875 0.0296875
6 0.37890625 0.73828125 0.02421875 0.03046875
6 0.37890625 0.71171875 0.02421875 0.02890625
2 0.7046875 0.525 0.03828125 0.0671875
3 0.57265625 0.36953125 0.0375 0.05859375
10 0.3671875 0.38359375 0.0375 0.0484375
9 0.321875 0.36015625 0.03828125 0.02421875
9 0.321875 0.38203125 0.0390625 0.02421875
9 0.32265625 0.4046875 0.0390625 0.02421875
9 0.32109375 0.32265625 0.0359375 0.02890625
9 0.3203125 0.29765625 0.03671875 0.025
9 0.3203125 0.275 0.03671875 0.02421875
9 0.3203125 0.2515625 0.0359375 0.02734375
3 0.4765625 0.4390625 0.07421875 0.05703125
11 0.4796875 0.4890625 0.0859375 0.0140625
11 0.52890625 0.44375 0.0078125 0.07890625
11 0.7078125 0.3109375 0.015625 0.01328125
11 0.6625 0.33671875 0.0515625 0.01171875
11 0.35859375 0.23203125 0.02109375 0.009375