3 0.4125 0.4703125 0.0546875 0.1
9 0.3296875 0.36875 0.0484375 0.03125
6 0.359375 0.596875 0.025 0.040625
6 0.30234375 0.63515625 0.025 0.0390625
6 0.325 0.634375 0.025 0.0390625
6 0.36171875 0.63359375 0.025 0.0390625
6 0.38359375 0.59453125 0.025 0.0390625
6 0.3859375 0.63125 0.025 0.0390625
6 0.43515625 0.6296875 0.025 0.0390625
6 0.4328125 0.59296875 0.025 0.0390625
6 0.4546875 0.59140625 0.0265625 0.0390625
6 0.45703125 0.62734375 0.025 0.040625
11 0.409375 0.6125 0.0109375 0.075
10 0.49609375 0.74765625 0.0390625 0.0546875
10 0.4328125 0.74921875 0.0359375 0.05
10 0.37109375 0.75234375 0.0359375 0.0484375
10 0.3125 0.75546875 0.0359375 0.05
5 0.3421875 0.75234375 0.01875 0.034375
5 0.4 0.759375 0.0140625 0.0171875
5 0.40703125 0.74375 0.0140625 0.015625
5 0.46484375 0.7484375 0.0171875 0.0328125
5 0.403125 0.671875 0.0171875 0.0234375
5 0.3890625 0.67265625 0.0140625 0.0171875
5 0.3421875 0.67578125 0.0171875 0.0234375
5 0.32734375 0.675 0.0125 0.0171875
5 0.28046875 0.678125 0.0171875 0.0234375
5 0.45078125 0.66953125 0.0125 0.0171875
5 0.46484375 0.66875 0.0171875 0.0234375
5 0.51328125 0.665625 0.015625 0.01875
2 0.49296875 0.678125 0.034375 0.040625
2 0.43125 0.68046875 0.034375 0.040625
2 0.36875 0.68359375 0.034375 0.040625
2 0.30703125 0.6875 0.0359375 0.0421875
2 0.50625 0.53515625 0.0328125 0.04375
2 0.53671875 0.53359375 0.03125 0.0421875
6 0.4890625 0.6265625 0.0234375 0.0390625
6 0.534375 0.6234375 0.0265625 0.040625
2 0.55234375 0.715625 0.0359375 0.0546875
2 0.5546875 0.76015625 0.0359375 0.0546875
11 0.5828125 0.734375 0.0125 0.084375
11 0.6578125 0.73125 0.0125 0.084375
6 0.78515625 0.69609375 0.025 0.03125
6 0.7859375 0.7234375 0.025 0.0296875
6 0.78671875 0.75 0.025 0.03125
6 0.81015625 0.74921875 0.0265625 0.03125
6 0.809375 0.72265625 0.0265625 0.03125
6 0.8078125 0.6953125 0.0265625 0.03125
6 0.74765625 0.69921875 0.025 0.03125
6 0.74921875 0.7265625 0.025 0.0296875
6 0.75 0.753125 0.0265625 0.028125
11 0.734375 0.7265625 0.0125 0.084375
2 0.6234375 0.5984375 0.046875 0.0921875
9 0.6671875 0.58671875 0.0296875 0.0375
2 0.7171875 0.57578125 0.03125 0.05625
2 0.71796875 0.6296875 0.034375 0.04375
2 0.66484375 0.63203125 0.0328125 0.04375
6 0.7640625 0.571875 0.0265625 0.0546875
11 0.73984375 0.57421875 0.0125 0.05625
9 0.8125 0.5484375 0.025 0.0453125
2 0.8671875 0.62890625 0.040625 0.040625
3 0.85546875 0.5578125 0.040625 0.059375
2 0.86953125 0.6765625 0.0390625 0.0390625
7 0.884375 0.74296875 0.0265625 0.0390625
2 0.6640625 0.446875 0.040625 0.059375
11 0.73046875 0.49921875 0.0765625 0.015625
6 0.68046875 0.70234375 0.025 0.0296875
6 0.68125 0.7296875 0.025 0.03125
6 0.6828125 0.75625 0.025 0.03125
6 0.7046875 0.75546875 0.025 0.03125
6 0.70390625 0.72890625 0.025 0.0296875
6 0.70234375 0.70234375 0.0265625 0.0328125
6 0.61015625 0.70625 0.025 0.03125
6 0.6125 0.7328125 0.0265625 0.0328125
6 0.61328125 0.76015625 0.025 0.0296875
6 0.63515625 0.75859375 0.025 0.03125
6 0.63359375 0.73125 0.025 0.03125
6 0.63203125 0.70546875 0.025 0.0296875
2 0.296875 0.5359375 0.0421875 0.06875
3 0.4203125 0.3734375 0.040625 0.0609375
10 0.6265625 0.3765625 0.040625 0.05
9 0.6703125 0.35078125 0.0390625 0.0265625
9 0.671875 0.37265625 0.040625 0.0265625
9 0.671875 0.3953125 0.040625 0.0265625
9 0.66953125 0.31328125 0.0375 0.03125
9 0.66875 0.28828125 0.0375 0.0265625
9 0.66796875 0.265625 0.0375 0.0265625
9 0.66640625 0.2421875 0.0375 0.0296875
3 0.5203125 0.43828125 0.0765625 0.0609375
11 0.51953125 0.48828125 0.0859375 0.01875
11 0.46796875 0.4453125 0.0125 0.0796875
11 0.2828125 0.321875 0.015625 0.0140625
11 0.32890625 0.3453125 0.0515625 0.0140625
11 0.62734375 0.225 0.021875 0.0109375