3 0.10390625 0.38359375 0.090625 0.1421875
3 0.1921875 0.37421875 0.075 0.115625
3 0.1375 0.55 0.090625 0.15
3 0.16953125 0.70625 0.115625 0.1078125
9 0.1609375 0.78515625 0.0671875 0.04375
9 0.22734375 0.771875 0.0640625 0.0390625
2 0.24453125 0.8375 0.0640625 0.0765625
2 0.25703125 0.92578125 0.05625 0.06875
2 0.33984375 0.86171875 0.0625 0.0609375
9 0.30859375 0.75 0.040625 0.0484375
2 0.24296875 0.51796875 0.0875 0.109375
9 0.59921875 0.584375 0.040625 0.071875
9 0.61953125 0.68359375 0.040625 0.0703125
0 0.40390625 0.55703125 0.0640625 0.078125
0 0.45625 0.78359375 0.0453125 0.0546875
3 0.1875 0.85625 0.059375 0.0703125
3 0.2 0.9265625 0.0578125 0.06875
5 0.19609375 0.5140625 0.0203125 0.0546875
5 0.20546875 0.559375 0.01875 0.0390625
5 0.61171875 0.640625 0.015625 0.01875
5 0.6078125 0.62421875 0.0140625 0.01875
5 0.515625 0.5953125 0.0125 0.01875
5 0.51953125 0.615625 0.0125 0.01875
11 0.53359375 0.69375 0.015625 0.0234375
5 0.53515625 0.69453125 0.0125 0.0171875
11 0.53828125 0.715625 0.015625 0.0234375
5 0.5390625 0.7140625 0.0109375 0.0171875
6 0.53515625 0.47421875 0.0359375 0.0421875
5 0.13828125 0.6453125 0.0390625 0.0203125
5 0.175 0.63828125 0.0390625 0.0203125
6 0.44453125 0.490625 0.034375 0.0421875
6 0.4734375 0.4859375 0.0359375 0.040625
6 0.45234375 0.528125 0.0359375 0.040625
6 0.48046875 0.52109375 0.0359375 0.0421875
6 0.50625 0.4796875 0.0359375 0.0421875
6 0.5125 0.51484375 0.034375 0.040625
6 0.54140625 0.51015625 0.0359375 0.0421875
6 0.53125 0.58125 0.0328125 0.04375
6 0.55625 0.5765625 0.034375 0.04375
6 0.5640625 0.61640625 0.0328125 0.04375
6 0.5390625 0.62109375 0.0328125 0.0453125
6 0.54921875 0.68046875 0.0328125 0.046875
6 0.57578125 0.67578125 0.0328125 0.04375
6 0.58359375 0.715625 0.0328125 0.04375
6 0.55703125 0.7203125 0.0328125 0.04375
6 0.5640625 0.78046875 0.0359375 0.0421875
6 0.571875 0.8171875 0.034375 0.0421875
6 0.59296875 0.77578125 0.0359375 0.0421875
6 0.6 0.8109375 0.0359375 0.040625
6 0.50234375 0.7921875 0.0359375 0.0421875
6 0.53125 0.7875 0.0359375 0.0421875
6 0.509375 0.828125 0.0359375 0.0421875
6 0.5390625 0.8234375 0.0359375 0.0421875
2 0.26953125 0.65546875 0.0828125 0.0953125
9 0.42734375 0.64609375 0.05 0.0640625
9 0.43828125 0.70234375 0.05 0.0640625
11 0.40390625 0.753125 0.01875 0.028125
11 0.3984375 0.728125 0.01875 0.028125
11 0.29296875 0.49609375 0.01875 0.028125
11 0.2984375 0.521875 0.0203125 0.0296875
11 0.303125 0.546875 0.01875 0.028125
11 0.3078125 0.5734375 0.01875 0.028125
3 0.48515625 0.6640625 0.0765625 0.1265625