3 0.8140625 0.7671875 0.0953125 0.14375
3 0.7296875 0.73984375 0.078125 0.115625
3 0.8515625 0.60234375 0.0953125 0.1515625
3 0.8859375 0.44609375 0.1171875 0.1109375
9 0.92578125 0.378125 0.06875 0.0453125
9 0.859375 0.3625 0.065625 0.040625
2 0.8703125 0.2953125 0.065625 0.078125
2 0.8953125 0.209375 0.059375 0.0703125
2 0.79375 0.23515625 0.0640625 0.0625
9 0.77578125 0.35 0.0421875 0.0484375
2 0.7421875 0.58828125 0.090625 0.1109375
9 0.44375 0.3828125 0.0421875 0.071875
9 0.465625 0.28359375 0.0421875 0.0703125
0 0.6109375 0.4875 0.0671875 0.078125
0 0.65546875 0.25859375 0.046875 0.05625
3 0.93046875 0.3015625 0.0609375 0.071875
3 0.94765625 0.23203125 0.059375 0.0703125
5 0.78359375 0.61015625 0.0234375 0.0546875
5 0.79375 0.565625 0.01875 0.0390625
5 0.45546875 0.32578125 0.015625 0.0203125
5 0.45234375 0.34296875 0.015625 0.01875
5 0.525 0.40703125 0.0140625 0.01875
5 0.5296875 0.38671875 0.0125 0.01875
11 0.5484375 0.309375 0.015625 0.0234375
5 0.546875 0.3078125 0.0125 0.0171875
11 0.553125 0.2875 0.015625 0.0234375
5 0.5515625 0.28828125 0.0125 0.0171875
6 0.4578125 0.509375 0.0359375 0.04375
5 0.88984375 0.51484375 0.0390625 0.021875
5 0.853125 0.50625 0.0390625 0.021875
6 0.546875 0.53046875 0.0359375 0.04375
6 0.51875 0.5234375 0.0375 0.0421875
6 0.55546875 0.49375 0.0359375 0.0421875
6 0.5265625 0.48828125 0.0375 0.0421875
6 0.4859375 0.515625 0.0359375 0.0421875
6 0.49453125 0.48125 0.0359375 0.040625
6 0.465625 0.4734375 0.0359375 0.0421875
6 0.5046875 0.41328125 0.034375 0.0453125
6 0.4796875 0.40703125 0.034375 0.0453125
6 0.4890625 0.3671875 0.034375 0.0453125
6 0.5140625 0.3734375 0.0328125 0.0453125
6 0.528125 0.31484375 0.034375 0.046875
6 0.50234375 0.30859375 0.034375 0.0453125
6 0.51171875 0.26953125 0.034375 0.04375
6 0.5375 0.275 0.034375 0.0453125
6 0.55546875 0.21796875 0.0359375 0.0421875
6 0.56328125 0.18125 0.0359375 0.0421875
6 0.52734375 0.21015625 0.0359375 0.04375
6 0.53515625 0.175 0.0375 0.040625
6 0.61640625 0.23203125 0.0359375 0.0421875
6 0.58828125 0.22421875 0.0359375 0.0421875
6 0.625 0.19609375 0.0375 0.0421875
6 0.59609375 0.18828125 0.0359375 0.04375
2 0.77421875 0.4515625 0.0859375 0.096875
9 0.62578125 0.39609375 0.0515625 0.0640625
9 0.6390625 0.340625 0.0515625 0.0640625
11 0.69140625 0.3078125 0.0203125 0.028125
11 0.68515625 0.3328125 0.0203125 0.0296875
11 0.6875 0.5875 0.01875 0.028125
11 0.69296875 0.5625 0.0203125 0.0296875
11 0.69921875 0.5375 0.01875 0.028125
11 0.7046875 0.5109375 0.01875 0.028125
3 0.58046875 0.35625 0.0796875 0.128125