3 0.13359375 0.31015625 0.0671875 0.13203125
3 0.221875 0.31796875 0.05625 0.10625
3 0.134375 0.4796875 0.06484375 0.140625
3 0.1359375 0.6390625 0.1 0.090625
9 0.1125 0.71484375 0.0625 0.0328125
9 0.18046875 0.71484375 0.06015625 0.028125
2 0.18515625 0.7828125 0.0515625 0.06875
2 0.18046875 0.871875 0.04609375 0.06171875
2 0.2734375 0.82421875 0.05390625 0.0515625
9 0.26484375 0.70859375 0.0328125 0.0421875
2 0.24453125 0.46875 0.0703125 0.09765625
9 0.58125 0.6015625 0.028125 0.0671875
9 0.58203125 0.703125 0.028125 0.065625
0 0.39453125 0.5375 0.05234375 0.06875
0 0.403125 0.7703125 0.0375 0.0484375
3 0.125 0.78984375 0.04765625 0.0625
3 0.12421875 0.86171875 0.046875 0.06171875
5 0.19921875 0.45625 0.0109375 0.05390625
5 0.19921875 0.50234375 0.0109375 0.03828125
5 0.5828125 0.659375 0.0125 0.0171875
5 0.58203125 0.6421875 0.01171875 0.01640625
5 0.496875 0.59609375 0.01015625 0.0171875
5 0.496875 0.6171875 0.009375 0.0171875
11 0.49609375 0.696875 0.01171875 0.021875
5 0.49765625 0.69765625 0.01015625 0.01484375
11 0.49609375 0.71875 0.0109375 0.021875
5 0.49765625 0.71796875 0.00859375 0.015625
6 0.5390625 0.48125 0.02890625 0.0375
5 0.1171875 0.5734375 0.03671875 0.01328125
5 0.1546875 0.5734375 0.03671875 0.01328125
6 0.44765625 0.48046875 0.028125 0.03828125
6 0.4765625 0.48125 0.0296875 0.0359375
6 0.44765625 0.51875 0.02890625 0.0359375
6 0.4765625 0.5171875 0.0296875 0.03671875
6 0.51015625 0.48125 0.02890625 0.03671875
6 0.509375 0.5171875 0.028125 0.03515625
6 0.5390625 0.51796875 0.02890625 0.03671875
6 0.51484375 0.5859375 0.02578125 0.03984375
6 0.540625 0.5859375 0.0265625 0.03984375
6 0.540625 0.6265625 0.02578125 0.03984375
6 0.51484375 0.6265625 0.025 0.040625
6 0.5140625 0.68671875 0.02578125 0.0421875
6 0.540625 0.68671875 0.02578125 0.03984375
6 0.540625 0.72734375 0.0265625 0.0390625
6 0.5140625 0.72734375 0.02578125 0.03984375
6 0.509375 0.7875 0.02890625 0.03671875
6 0.51015625 0.825 0.028125 0.0375
6 0.53828125 0.78828125 0.02890625 0.0375
6 0.5390625 0.82421875 0.0296875 0.03515625
6 0.446875 0.7875 0.02890625 0.03671875
6 0.47578125 0.78828125 0.02890625 0.03671875
6 0.446875 0.82421875 0.0296875 0.03671875
6 0.4765625 0.825 0.02890625 0.0375
2 0.24375 0.60859375 0.06796875 0.084375
9 0.40078125 0.6296875 0.03984375 0.05703125
9 0.40078125 0.68671875 0.03984375 0.05703125
11 0.35703125 0.73046875 0.01484375 0.02578125
11 0.35703125 0.7046875 0.0140625 0.0265625
11 0.29765625 0.45703125 0.0140625 0.02578125
11 0.29765625 0.4828125 0.01484375 0.0265625
11 0.29765625 0.50859375 0.0140625 0.02578125
11 0.29765625 0.53515625 0.0140625 0.02578125
3 0.45390625 0.6578125 0.0546875 0.11875