3 0.39140625 0.3046875 0.059375 0.071875
3 0.51484375 0.3046875 0.09765625 0.071875
3 0.60625 0.30546875 0.04921875 0.05703125
2 0.671875 0.303125 0.06328125 0.11015625
2 0.3234375 0.6859375 0.1234375 0.11875
3 0.66171875 0.4921875 0.0625 0.18046875
2 0.5734375 0.47109375 0.04921875 0.0546875
1 0.31640625 0.59296875 0.11484375 0.046875
6 0.434375 0.65859375 0.03828125 0.0453125
6 0.47890625 0.65859375 0.0375 0.04453125
6 0.434375 0.70234375 0.0390625 0.04296875
6 0.478125 0.7015625 0.03671875 0.0453125
6 0.515625 0.65859375 0.03671875 0.04296875
6 0.515625 0.70234375 0.0390625 0.04296875
6 0.559375 0.66015625 0.03671875 0.0421875
6 0.559375 0.70234375 0.03828125 0.04140625
6 0.59609375 0.659375 0.0390625 0.04375
6 0.596875 0.7015625 0.0390625 0.04375
6 0.640625 0.70078125 0.0375 0.0421875
6 0.640625 0.659375 0.0359375 0.04453125
6 0.67734375 0.65703125 0.0359375 0.0390625
6 0.678125 0.7015625 0.040625 0.0421875
11 0.5375 0.47109375 0.00859375 0.0546875
11 0.6046875 0.4671875 0.0109375 0.06484375