3 0.3625 0.32421875 0.0703125 0.0796875
3 0.484375 0.3046875 0.1078125 0.0859375
3 0.57421875 0.29140625 0.0578125 0.0640625
2 0.6390625 0.27890625 0.0796875 0.11875
2 0.3546875 0.7109375 0.140625 0.1359375
3 0.65859375 0.4671875 0.090625 0.1875
2 0.56796875 0.46015625 0.0578125 0.0609375
1 0.33359375 0.6203125 0.1203125 0.0640625
6 0.46015625 0.6671875 0.0453125 0.05
6 0.50390625 0.66015625 0.04375 0.05
6 0.4671875 0.71015625 0.0453125 0.0484375
6 0.51015625 0.70234375 0.04375 0.05
6 0.540625 0.65390625 0.04375 0.0484375
6 0.546875 0.69765625 0.0453125 0.0484375
6 0.58359375 0.64921875 0.0421875 0.046875
6 0.590625 0.690625 0.04375 0.046875
6 0.61953125 0.6421875 0.0453125 0.05
6 0.62734375 0.68359375 0.0453125 0.05
6 0.6703125 0.6765625 0.04375 0.046875
6 0.6640625 0.63515625 0.0421875 0.05
6 0.7 0.62734375 0.0421875 0.04375
6 0.7078125 0.67109375 0.046875 0.0484375
11 0.5328125 0.465625 0.0171875 0.0546875
11 0.5984375 0.4515625 0.0203125 0.065625