3 0.42734375 0.2890625 0.0703125 0.08125
3 0.5484375 0.31015625 0.109375 0.0875
3 0.63828125 0.3265625 0.0578125 0.0640625
2 0.703125 0.3359375 0.08125 0.11875
2 0.29375 0.65234375 0.1421875 0.1390625
3 0.6609375 0.5203125 0.0921875 0.1890625
2 0.57734375 0.484375 0.0578125 0.0625
1 0.303125 0.559375 0.121875 0.065625
6 0.4078125 0.64453125 0.0453125 0.0515625
6 0.4515625 0.65234375 0.0453125 0.05
6 0.4 0.6875 0.0453125 0.0484375
6 0.44375 0.69453125 0.04375 0.0515625
6 0.4875 0.65859375 0.04375 0.0484375
6 0.48046875 0.70234375 0.0453125 0.0484375
6 0.53046875 0.66796875 0.04375 0.0484375
6 0.5234375 0.709375 0.0453125 0.046875
6 0.5671875 0.6734375 0.0453125 0.05
6 0.56015625 0.715625 0.0453125 0.05
6 0.60390625 0.721875 0.04375 0.0484375
6 0.6109375 0.68125 0.04375 0.05
6 0.64765625 0.68515625 0.0421875 0.0453125
6 0.640625 0.7296875 0.046875 0.0484375
11 0.5421875 0.478125 0.0171875 0.0546875
11 0.60859375 0.4859375 0.021875 0.065625