6 0.2015625 0.24921875 0.034375 0.0265625
6 0.22890625 0.2421875 0.034375 0.0265625
6 0.2328125 0.259375 0.034375 0.0265625
6 0.20703125 0.26640625 0.034375 0.0265625
6 0.21015625 0.28359375 0.034375 0.025
6 0.2375 0.2765625 0.034375 0.025
6 0.24140625 0.29375 0.034375 0.0265625
6 0.2140625 0.30078125 0.034375 0.0265625
6 0.27578125 0.28515625 0.034375 0.025
6 0.30234375 0.27890625 0.0328125 0.025
6 0.29765625 0.2609375 0.0328125 0.0265625
6 0.27109375 0.26796875 0.034375 0.025
6 0.2671875 0.25078125 0.0328125 0.025
6 0.29375 0.24453125 0.0328125 0.025
6 0.2625 0.2328125 0.034375 0.0265625
6 0.28984375 0.22734375 0.0328125 0.0265625
6 0.33828125 0.26953125 0.0328125 0.025
6 0.3640625 0.26328125 0.0328125 0.0265625
6 0.36015625 0.24609375 0.0328125 0.025
6 0.35546875 0.228125 0.0328125 0.0265625
6 0.3515625 0.21171875 0.0328125 0.0265625
6 0.32421875 0.21875 0.0328125 0.0265625
6 0.32890625 0.23515625 0.0328125 0.0265625
6 0.33359375 0.25234375 0.0328125 0.025
6 0.3953125 0.2375 0.034375 0.0265625
6 0.39921875 0.2546875 0.0328125 0.0265625
6 0.390625 0.21953125 0.0328125 0.0265625
6 0.41328125 0.19609375 0.0328125 0.0265625
6 0.38671875 0.203125 0.0328125 0.0265625
6 0.41796875 0.21328125 0.03125 0.025
6 0.459375 0.240625 0.034375 0.0265625
6 0.42265625 0.23046875 0.0328125 0.0265625
6 0.4265625 0.2484375 0.0328125 0.0265625
6 0.45625 0.221875 0.0328125 0.0265625
6 0.45234375 0.2046875 0.034375 0.0265625
6 0.44765625 0.1875 0.034375 0.0265625
6 0.47421875 0.18125 0.0328125 0.0265625
6 0.47890625 0.1984375 0.0328125 0.0265625
6 0.4828125 0.21484375 0.0328125 0.0265625
6 0.4875 0.23359375 0.034375 0.0265625
6 0.52109375 0.22421875 0.034375 0.0265625
6 0.54921875 0.21796875 0.0328125 0.0265625
6 0.5171875 0.20703125 0.0328125 0.025
6 0.54453125 0.2 0.0328125 0.025
6 0.51328125 0.18984375 0.0328125 0.0265625
6 0.53984375 0.18359375 0.034375 0.0265625
6 0.509375 0.17265625 0.034375 0.0265625
6 0.5359375 0.165625 0.034375 0.0265625
6 0.61015625 0.203125 0.0328125 0.0265625
6 0.60546875 0.184375 0.0328125 0.025
6 0.6015625 0.16796875 0.034375 0.025
6 0.596875 0.15078125 0.034375 0.0265625
6 0.57109375 0.1578125 0.0328125 0.0265625
6 0.57421875 0.175 0.0328125 0.0265625
6 0.578125 0.19140625 0.0328125 0.025
6 0.58359375 0.209375 0.0328125 0.0265625
6 0.6453125 0.19375 0.0328125 0.025
6 0.671875 0.1875 0.0328125 0.0265625
6 0.6671875 0.1703125 0.0328125 0.025
6 0.640625 0.1765625 0.0328125 0.0265625
6 0.63671875 0.159375 0.034375 0.025
6 0.66328125 0.15234375 0.0328125 0.025
6 0.65859375 0.13515625 0.0328125 0.0265625
6 0.63203125 0.14140625 0.034375 0.0265625
6 0.21484375 0.33515625 0.03125 0.028125
6 0.2390625 0.32890625 0.03125 0.028125
6 0.26328125 0.3234375 0.03125 0.028125
6 0.28828125 0.31796875 0.0328125 0.0265625
6 0.31328125 0.31171875 0.03125 0.0265625
6 0.31796875 0.3296875 0.0328125 0.028125
6 0.29296875 0.3359375 0.0328125 0.028125
6 0.26796875 0.3421875 0.03125 0.028125
6 0.24375 0.3484375 0.03125 0.0265625
6 0.21875 0.3546875 0.03125 0.0265625
6 0.3234375 0.35390625 0.03125 0.028125
6 0.32890625 0.37265625 0.03125 0.0265625
6 0.29921875 0.36015625 0.03125 0.028125
6 0.27421875 0.36640625 0.0328125 0.028125
6 0.25 0.37265625 0.03125 0.0265625
6 0.225 0.37890625 0.0328125 0.028125
6 0.30390625 0.3796875 0.03125 0.0265625
6 0.27890625 0.3859375 0.0328125 0.0265625
6 0.2546875 0.3921875 0.0328125 0.0265625
6 0.2296875 0.3984375 0.0328125 0.028125
6 0.37734375 0.3609375 0.03125 0.0265625
6 0.4015625 0.3546875 0.0328125 0.028125
6 0.42734375 0.34921875 0.0328125 0.028125
6 0.45078125 0.3421875 0.03125 0.028125
6 0.44609375 0.3234375 0.03125 0.0265625
6 0.421875 0.3296875 0.0328125 0.0265625
6 0.39765625 0.33515625 0.03125 0.0265625
6 0.3734375 0.340625 0.03125 0.025
6 0.36640625 0.3171875 0.0328125 0.0265625
6 0.390625 0.31171875 0.03125 0.0265625
6 0.415625 0.30546875 0.0328125 0.028125
6 0.440625 0.29921875 0.03125 0.028125
6 0.36171875 0.2984375 0.0328125 0.028125
6 0.38671875 0.2921875 0.03125 0.028125
6 0.4109375 0.2859375 0.0328125 0.028125
6 0.4359375 0.2796875 0.0328125 0.028125
3 0.5734375 0.27734375 0.0625 0.0703125
4 0.559375 0.34453125 0.0328125 0.0265625
4 0.5359375 0.35 0.028125 0.0265625
4 0.5140625 0.35546875 0.03125 0.028125
4 0.49140625 0.3609375 0.03125 0.0296875
5 0.475 0.28046875 0.0125 0.0109375
5 0.478125 0.29296875 0.0125 0.009375
5 0.4796875 0.3 0.0109375 0.0078125
5 0.4828125 0.31171875 0.0125 0.0109375
5 0.48515625 0.32421875 0.0125 0.009375
5 0.6109375 0.29296875 0.0109375 0.009375
5 0.6078125 0.28046875 0.0125 0.0109375
5 0.6046875 0.26875 0.0125 0.0109375
5 0.603125 0.26171875 0.0125 0.009375
5 0.60078125 0.2484375 0.0125 0.0109375
9 0.50234375 0.3125 0.034375 0.0375
9 0.4953125 0.2828125 0.0359375 0.0390625
6 0.7 0.28125 0.0328125 0.0265625
6 0.6953125 0.2625 0.0328125 0.0265625
6 0.67109375 0.26796875 0.03125 0.028125
6 0.646875 0.27421875 0.03125 0.028125
6 0.6515625 0.29296875 0.0328125 0.0265625
6 0.6765625 0.28671875 0.0328125 0.0265625
7 0.2765625 0.490625 0.0578125 0.04375
7 0.3 0.56328125 0.075 0.059375
7 0.26640625 0.4296875 0.06875 0.0578125
10 0.70234375 0.67109375 0.0390625 0.03125
10 0.66015625 0.6828125 0.0359375 0.0296875
10 0.709375 0.69609375 0.0375 0.0296875
10 0.66640625 0.70703125 0.0359375 0.028125
10 0.62578125 0.7171875 0.0375 0.0265625
10 0.61875 0.69296875 0.034375 0.028125
10 0.61171875 0.665625 0.0375 0.0296875
0 0.5875 0.63828125 0.0890625 0.053125
0 0.66796875 0.63203125 0.0796875 0.0671875
2 0.5796875 0.71328125 0.0546875 0.071875
0 0.5796875 0.59140625 0.0578125 0.0328125
3 0.7703125 0.65859375 0.065625 0.0734375
2 0.771875 0.5890625 0.0578125 0.05625
3 0.7515625 0.5421875 0.06875 0.0625
7 0.48984375 0.7515625 0.0609375 0.0453125
7 0.37578125 0.7796875 0.1109375 0.0609375
6 0.48359375 0.69609375 0.0328125 0.0265625
6 0.45859375 0.70234375 0.03125 0.0265625
6 0.43359375 0.7078125 0.03125 0.0265625
6 0.409375 0.7140625 0.0328125 0.028125
6 0.38515625 0.7203125 0.0328125 0.028125
6 0.3796875 0.70234375 0.034375 0.0296875
6 0.4046875 0.6953125 0.03125 0.028125
6 0.42890625 0.6890625 0.0328125 0.028125
6 0.453125 0.6828125 0.0328125 0.028125
6 0.47890625 0.6765625 0.0328125 0.0296875
6 0.37421875 0.67734375 0.0328125 0.028125
6 0.3984375 0.67109375 0.0328125 0.0265625
6 0.42265625 0.66484375 0.0328125 0.0265625
6 0.44765625 0.6578125 0.0328125 0.0265625
6 0.47265625 0.65234375 0.0328125 0.028125
6 0.4671875 0.63359375 0.0328125 0.0265625
6 0.44296875 0.63984375 0.0328125 0.028125
6 0.41875 0.64609375 0.0328125 0.028125
6 0.39375 0.6515625 0.0328125 0.028125
6 0.36953125 0.6578125 0.0328125 0.028125
6 0.36328125 0.6328125 0.0328125 0.0265625
6 0.38828125 0.6265625 0.03125 0.028125
6 0.4125 0.621875 0.03125 0.028125
6 0.43671875 0.61484375 0.0328125 0.0296875
6 0.46171875 0.60859375 0.03125 0.028125
6 0.45625 0.58984375 0.0328125 0.0265625
6 0.43203125 0.59609375 0.0328125 0.028125
6 0.4078125 0.6015625 0.0328125 0.0265625
6 0.3828125 0.6078125 0.03125 0.0265625
6 0.35859375 0.6140625 0.0328125 0.028125
6 0.32421875 0.634375 0.034375 0.0265625
6 0.29765625 0.640625 0.034375 0.0265625
6 0.30234375 0.65703125 0.034375 0.025
6 0.32890625 0.6515625 0.0328125 0.025
6 0.3328125 0.66796875 0.034375 0.0265625
6 0.30625 0.67578125 0.034375 0.0265625
6 0.3375 0.6859375 0.0359375 0.028125
6 0.3109375 0.69296875 0.034375 0.0265625
6 0.340625 0.70390625 0.0359375 0.0265625
6 0.3140625 0.7109375 0.0359375 0.0265625
6 0.34609375 0.72109375 0.034375 0.0265625
6 0.31875 0.728125 0.0359375 0.0265625
5 0.4703125 0.5234375 0.0140625 0.021875
5 0.459375 0.48046875 0.0171875 0.0234375
5 0.4484375 0.4359375 0.0171875 0.0234375
5 0.43828125 0.39296875 0.0171875 0.021875
5 0.3953125 0.578125 0.0140625 0.0109375
5 0.4125 0.57421875 0.0125 0.0109375
5 0.421875 0.571875 0.0109375 0.0109375
5 0.4390625 0.56875 0.0125 0.0109375
5 0.45625 0.56328125 0.0140625 0.0109375
6 0.38125 0.55625 0.0328125 0.028125
6 0.40625 0.55 0.0328125 0.028125
6 0.43125 0.54375 0.0328125 0.028125
6 0.45546875 0.5375 0.0328125 0.0296875
6 0.45078125 0.51875 0.0328125 0.0296875
6 0.42578125 0.525 0.03125 0.028125
6 0.4015625 0.53046875 0.0328125 0.028125
6 0.37734375 0.5359375 0.0328125 0.028125
6 0.3703125 0.5125 0.0328125 0.028125
6 0.3953125 0.50546875 0.0328125 0.028125
6 0.41953125 0.49921875 0.03125 0.028125
6 0.44453125 0.49296875 0.0328125 0.028125
6 0.365625 0.49375 0.034375 0.028125
6 0.390625 0.4875 0.0328125 0.0265625
6 0.41484375 0.48203125 0.0328125 0.028125
6 0.43828125 0.475 0.03125 0.0265625
6 0.36015625 0.46875 0.03125 0.0265625
6 0.38515625 0.4625 0.0328125 0.0265625
6 0.409375 0.45625 0.0328125 0.028125
6 0.43359375 0.45 0.0328125 0.028125
6 0.35546875 0.45 0.034375 0.028125
6 0.3796875 0.44375 0.0328125 0.028125
6 0.4046875 0.4375 0.03125 0.028125
6 0.42890625 0.43125 0.034375 0.028125
6 0.3484375 0.4265625 0.034375 0.028125
6 0.375 0.4203125 0.0328125 0.028125
6 0.3984375 0.41328125 0.0328125 0.028125
6 0.42421875 0.4078125 0.0328125 0.028125
6 0.3453125 0.40703125 0.03125 0.028125
6 0.3703125 0.40078125 0.03125 0.028125
6 0.3953125 0.39375 0.03125 0.0265625
6 0.41875 0.38828125 0.03125 0.028125
5 0.221875 0.43515625 0.0234375 0.0234375
5 0.22734375 0.453125 0.021875 0.0234375
5 0.23125 0.46953125 0.021875 0.0234375
5 0.23671875 0.49453125 0.021875 0.0234375
5 0.25390625 0.5671875 0.0203125 0.0234375
5 0.2578125 0.5859375 0.0203125 0.0234375
6 0.640625 0.24921875 0.0328125 0.028125
6 0.665625 0.24375 0.0328125 0.028125
6 0.68984375 0.23671875 0.03125 0.028125
6 0.68515625 0.21875 0.0328125 0.028125
6 0.6609375 0.22421875 0.0328125 0.0265625
6 0.63671875 0.2296875 0.03125 0.028125