6 0.27109375 0.815625 0.03046875 0.01953125
6 0.29921875 0.815625 0.03046875 0.01953125
6 0.29921875 0.79765625 0.03046875 0.01953125
6 0.271875 0.79765625 0.03046875 0.01953125
6 0.27109375 0.78046875 0.03046875 0.01875
6 0.29921875 0.78046875 0.03046875 0.01875
6 0.29921875 0.7625 0.03046875 0.01953125
6 0.27109375 0.7625 0.03046875 0.01953125
6 0.334375 0.7625 0.03046875 0.01875
6 0.36171875 0.7625 0.0296875 0.01875
6 0.36171875 0.78046875 0.0296875 0.01953125
6 0.334375 0.78046875 0.03046875 0.01875
6 0.334375 0.7984375 0.0296875 0.01875
6 0.36171875 0.79765625 0.0296875 0.01875
6 0.334375 0.81640625 0.03125 0.01953125
6 0.3625 0.815625 0.0296875 0.01953125
6 0.3984375 0.7625 0.02890625 0.01875
6 0.425 0.7625 0.0296875 0.01953125
6 0.42578125 0.78046875 0.0296875 0.01875
6 0.42578125 0.7984375 0.02890625 0.01953125
6 0.42578125 0.815625 0.02890625 0.01953125
6 0.39765625 0.815625 0.0296875 0.01953125
6 0.3984375 0.7984375 0.0296875 0.01953125
6 0.3984375 0.78046875 0.0296875 0.01875
6 0.46171875 0.78046875 0.0296875 0.0203125
6 0.46171875 0.7625 0.0296875 0.01953125
6 0.46171875 0.7984375 0.02890625 0.01953125
6 0.4890625 0.815625 0.0296875 0.01953125
6 0.46171875 0.815625 0.0296875 0.01953125
6 0.48984375 0.79765625 0.028125 0.01875
6 0.5234375 0.76171875 0.03125 0.01953125
6 0.48984375 0.78046875 0.02890625 0.01953125
6 0.48984375 0.76171875 0.02890625 0.01953125
6 0.525 0.78046875 0.0296875 0.01953125
6 0.525 0.7984375 0.0296875 0.0203125
6 0.525 0.815625 0.03046875 0.01953125
6 0.55234375 0.815625 0.0296875 0.01953125
6 0.55234375 0.79765625 0.0296875 0.01953125
6 0.55234375 0.78046875 0.0296875 0.01953125
6 0.55234375 0.76171875 0.03046875 0.01953125
6 0.5875 0.7625 0.0296875 0.0203125
6 0.615625 0.76171875 0.0296875 0.01953125
6 0.5875 0.78046875 0.0296875 0.01875
6 0.615625 0.78046875 0.0296875 0.01875
6 0.5875 0.79765625 0.0296875 0.01953125
6 0.615625 0.79765625 0.03046875 0.01953125
6 0.58828125 0.815625 0.03046875 0.01953125
6 0.615625 0.815625 0.03046875 0.01953125
6 0.67890625 0.76171875 0.0296875 0.01953125
6 0.67890625 0.78046875 0.0296875 0.01875
6 0.67890625 0.79765625 0.03046875 0.01875
6 0.67890625 0.815625 0.03046875 0.01953125
6 0.6515625 0.81484375 0.0296875 0.01953125
6 0.65078125 0.79765625 0.02890625 0.01953125
6 0.65078125 0.78046875 0.0296875 0.01875
6 0.6515625 0.76171875 0.02890625 0.0203125
6 0.71484375 0.76171875 0.0296875 0.01875
6 0.7421875 0.76171875 0.02890625 0.01953125
6 0.7421875 0.7796875 0.02890625 0.01875
6 0.71484375 0.7796875 0.0296875 0.01953125
6 0.71484375 0.79765625 0.03046875 0.01875
6 0.7421875 0.79765625 0.02890625 0.01875
6 0.7421875 0.815625 0.0296875 0.01953125
6 0.71484375 0.815625 0.03046875 0.01953125
6 0.26328125 0.72890625 0.0265625 0.021875
6 0.28828125 0.72890625 0.02734375 0.021875
6 0.31328125 0.72890625 0.02734375 0.021875
6 0.3390625 0.728125 0.028125 0.02109375
6 0.3640625 0.728125 0.02734375 0.02109375
6 0.36484375 0.709375 0.02890625 0.02109375
6 0.3390625 0.709375 0.028125 0.021875
6 0.31328125 0.709375 0.02734375 0.021875
6 0.28828125 0.709375 0.02734375 0.02109375
6 0.2625 0.709375 0.0265625 0.02109375
6 0.3640625 0.684375 0.02734375 0.021875
6 0.36484375 0.66484375 0.02734375 0.02109375
6 0.3390625 0.684375 0.02734375 0.021875
6 0.31328125 0.684375 0.02890625 0.02109375
6 0.28828125 0.684375 0.02734375 0.02109375
6 0.2625 0.684375 0.028125 0.021875
6 0.3390625 0.6640625 0.02734375 0.02109375
6 0.31328125 0.6640625 0.028125 0.02109375
6 0.28828125 0.6640625 0.028125 0.02109375
6 0.2625 0.6640625 0.028125 0.021875
6 0.41484375 0.66484375 0.02734375 0.02109375
6 0.43984375 0.66484375 0.028125 0.021875
6 0.465625 0.6640625 0.028125 0.021875
6 0.490625 0.66484375 0.02734375 0.021875
6 0.490625 0.684375 0.02734375 0.0203125
6 0.465625 0.684375 0.028125 0.0203125
6 0.440625 0.684375 0.0265625 0.0203125
6 0.415625 0.68515625 0.028125 0.01953125
6 0.41484375 0.709375 0.028125 0.02109375
6 0.43984375 0.709375 0.02734375 0.02109375
6 0.465625 0.709375 0.028125 0.021875
6 0.49140625 0.709375 0.0265625 0.021875
6 0.41484375 0.72890625 0.02890625 0.021875
6 0.440625 0.72890625 0.0265625 0.021875
6 0.465625 0.72890625 0.02890625 0.02109375
6 0.49140625 0.72890625 0.028125 0.021875
3 0.625 0.6984375 0.05 0.059375
4 0.5953125 0.63671875 0.028125 0.02109375
4 0.57109375 0.63671875 0.02421875 0.021875
4 0.5484375 0.63671875 0.02578125 0.02265625
4 0.525 0.63671875 0.02578125 0.0234375
5 0.52890625 0.71875 0.01171875 0.0078125
5 0.52890625 0.70625 0.01015625 0.0078125
5 0.52890625 0.69921875 0.01015625 0.00625
5 0.52890625 0.68671875 0.01171875 0.0078125
5 0.528125 0.67421875 0.0109375 0.00703125
5 0.6578125 0.67421875 0.01015625 0.00703125
5 0.6578125 0.68671875 0.0109375 0.0078125
5 0.6578125 0.69921875 0.0109375 0.0078125
5 0.6578125 0.70625 0.0109375 0.00703125
5 0.65859375 0.71953125 0.01171875 0.0078125
9 0.54765625 0.68125 0.028125 0.03203125
9 0.54765625 0.71171875 0.028125 0.0328125
6 0.746875 0.6640625 0.028125 0.02109375
6 0.746875 0.68359375 0.028125 0.02109375
6 0.721875 0.68359375 0.02734375 0.021875
6 0.696875 0.68359375 0.02734375 0.02265625
6 0.696875 0.6640625 0.028125 0.02109375
6 0.72265625 0.6640625 0.028125 0.02109375
7 0.28515625 0.56328125 0.05234375 0.03203125
7 0.290625 0.48671875 0.06640625 0.04453125
7 0.290625 0.625 0.06015625 0.04453125
10 0.6546875 0.28515625 0.034375 0.0234375
10 0.6109375 0.28359375 0.03125 0.02265625
10 0.65546875 0.259375 0.03359375 0.021875
10 0.6109375 0.25859375 0.03203125 0.0203125
10 0.56953125 0.25859375 0.034375 0.01953125
10 0.56875 0.28359375 0.03046875 0.02109375
10 0.56875 0.3125 0.0328125 0.02265625
0 0.5515625 0.34453125 0.0828125 0.03359375
0 0.63125 0.33125 0.06875 0.0515625
2 0.52578125 0.2734375 0.03984375 0.06484375
0 0.55546875 0.3921875 0.0546875 0.01953125
3 0.72421875 0.28046875 0.05234375 0.06328125
2 0.7421875 0.34765625 0.04765625 0.0453125
3 0.73359375 0.3984375 0.059375 0.04921875
7 0.4296875 0.25859375 0.05390625 0.0328125
7 0.31171875 0.25859375 0.1046875 0.0359375
6 0.43671875 0.3140625 0.028125 0.02109375
6 0.4109375 0.3140625 0.02734375 0.02109375
6 0.38515625 0.3140625 0.02734375 0.02109375
6 0.36015625 0.3140625 0.028125 0.021875
6 0.33515625 0.3140625 0.028125 0.02265625
6 0.334375 0.3328125 0.03046875 0.02265625
6 0.36015625 0.33359375 0.0265625 0.021875
6 0.38515625 0.33359375 0.028125 0.021875
6 0.41015625 0.33359375 0.028125 0.02265625
6 0.43671875 0.33359375 0.02890625 0.02265625
6 0.33515625 0.35859375 0.02890625 0.02109375
6 0.36015625 0.35859375 0.028125 0.02109375
6 0.38515625 0.35859375 0.028125 0.02109375
6 0.4109375 0.359375 0.028125 0.02109375
6 0.43671875 0.35859375 0.028125 0.021875
6 0.4359375 0.378125 0.028125 0.02109375
6 0.4109375 0.378125 0.028125 0.021875
6 0.3859375 0.378125 0.028125 0.021875
6 0.36015625 0.37890625 0.028125 0.021875
6 0.33515625 0.378125 0.02890625 0.021875
6 0.33515625 0.40390625 0.02890625 0.0203125
6 0.3609375 0.40390625 0.0265625 0.021875
6 0.3859375 0.403125 0.02734375 0.02265625
6 0.4109375 0.40390625 0.02890625 0.02265625
6 0.43671875 0.40390625 0.02734375 0.02265625
6 0.4359375 0.4234375 0.028125 0.02109375
6 0.4109375 0.4234375 0.02890625 0.02109375
6 0.3859375 0.4234375 0.028125 0.02109375
6 0.36015625 0.4234375 0.02734375 0.02109375
6 0.33515625 0.4234375 0.02890625 0.021875
6 0.296875 0.4125 0.03046875 0.01953125
6 0.26953125 0.4125 0.03125 0.01953125
6 0.2703125 0.3953125 0.03125 0.01796875
6 0.29765625 0.39453125 0.0296875 0.01875
6 0.296875 0.37734375 0.03046875 0.0203125
6 0.26953125 0.3765625 0.03046875 0.01953125
6 0.29765625 0.35859375 0.03203125 0.0203125
6 0.26953125 0.35859375 0.03125 0.01953125
6 0.29609375 0.340625 0.03203125 0.01953125
6 0.26875 0.340625 0.03203125 0.01953125
6 0.296875 0.32265625 0.03046875 0.0203125
6 0.26875 0.32265625 0.03125 0.0203125
5 0.465625 0.484375 0.01015625 0.0203125
5 0.465625 0.52890625 0.0125 0.02109375
5 0.465625 0.57421875 0.01171875 0.02109375
5 0.465625 0.61875 0.0125 0.01953125
5 0.3796875 0.44921875 0.01171875 0.00859375
5 0.396875 0.44921875 0.0109375 0.0078125
5 0.40703125 0.44921875 0.009375 0.009375
5 0.42421875 0.4484375 0.01015625 0.00859375
5 0.4421875 0.44921875 0.0125 0.00859375
6 0.37109375 0.47421875 0.028125 0.021875
6 0.396875 0.47421875 0.028125 0.02265625
6 0.42265625 0.47421875 0.028125 0.02265625
6 0.44765625 0.47421875 0.02734375 0.0234375
6 0.44765625 0.49375 0.02890625 0.02265625
6 0.421875 0.49375 0.02734375 0.02265625
6 0.396875 0.49453125 0.028125 0.02265625
6 0.371875 0.49453125 0.028125 0.021875
6 0.37109375 0.51953125 0.02890625 0.021875
6 0.396875 0.5203125 0.028125 0.021875
6 0.421875 0.5203125 0.02734375 0.02265625
6 0.44765625 0.5203125 0.028125 0.021875
6 0.37109375 0.53828125 0.0296875 0.02109375
6 0.396875 0.53828125 0.028125 0.0203125
6 0.421875 0.53828125 0.02890625 0.021875
6 0.44609375 0.5390625 0.0265625 0.02109375
6 0.371875 0.5640625 0.02734375 0.02109375
6 0.39765625 0.5640625 0.028125 0.02109375
6 0.42265625 0.5640625 0.028125 0.021875
6 0.44765625 0.56484375 0.028125 0.021875
6 0.371875 0.58359375 0.03046875 0.02109375
6 0.396875 0.58359375 0.028125 0.021875
6 0.42265625 0.58359375 0.02734375 0.021875
6 0.44765625 0.58359375 0.0296875 0.021875
6 0.3703125 0.6078125 0.0296875 0.021875
6 0.39765625 0.6078125 0.02890625 0.021875
6 0.42265625 0.60859375 0.028125 0.02265625
6 0.4484375 0.6078125 0.028125 0.02265625
6 0.37265625 0.62734375 0.0265625 0.021875
6 0.3984375 0.62734375 0.02734375 0.021875
6 0.42421875 0.628125 0.02734375 0.02109375
6 0.4484375 0.628125 0.0265625 0.021875
5 0.24609375 0.63046875 0.01875 0.01953125
5 0.246875 0.61171875 0.01796875 0.01953125
5 0.246875 0.59453125 0.0171875 0.0203125
5 0.24609375 0.56875 0.0171875 0.0203125
5 0.2453125 0.49453125 0.01640625 0.0203125
5 0.24453125 0.475 0.01640625 0.0203125
6 0.696875 0.709375 0.02890625 0.02109375
6 0.72265625 0.70859375 0.028125 0.021875
6 0.74765625 0.709375 0.02734375 0.021875
6 0.74765625 0.728125 0.02890625 0.021875
6 0.72265625 0.72890625 0.028125 0.02109375
6 0.69765625 0.72890625 0.02734375 0.021875