6 0.2296875 0.78046875 0.0328125 0.0234375
6 0.25703125 0.784375 0.0328125 0.0234375
6 0.259375 0.7671875 0.0328125 0.0234375
6 0.2328125 0.76328125 0.0328125 0.0234375
6 0.234375 0.74609375 0.0328125 0.0234375
6 0.2625 0.75 0.0328125 0.0234375
6 0.26484375 0.73203125 0.0328125 0.0234375
6 0.23671875 0.728125 0.0328125 0.0234375
6 0.29921875 0.73671875 0.0328125 0.0234375
6 0.3265625 0.740625 0.03125 0.0234375
6 0.32421875 0.75859375 0.0328125 0.0234375
6 0.296875 0.7546875 0.0328125 0.0234375
6 0.29453125 0.77265625 0.03125 0.0234375
6 0.321875 0.77578125 0.03125 0.0234375
6 0.2921875 0.790625 0.034375 0.0234375
6 0.31953125 0.79375 0.0328125 0.0234375
6 0.36328125 0.74609375 0.03125 0.021875
6 0.3890625 0.74921875 0.0328125 0.0234375
6 0.3875 0.7671875 0.03125 0.0234375
6 0.38515625 0.78515625 0.03125 0.0234375
6 0.3828125 0.80234375 0.03125 0.0234375
6 0.3546875 0.7984375 0.0328125 0.0234375
6 0.3578125 0.78125 0.0328125 0.0234375
6 0.36015625 0.76328125 0.03125 0.0234375
6 0.4234375 0.77265625 0.0328125 0.025
6 0.42578125 0.7546875 0.0328125 0.0234375
6 0.4203125 0.78984375 0.03125 0.0234375
6 0.4453125 0.8109375 0.0328125 0.0234375
6 0.41796875 0.80703125 0.0328125 0.0234375
6 0.4484375 0.79296875 0.0296875 0.021875
6 0.48671875 0.7625 0.034375 0.0234375
6 0.45078125 0.7765625 0.03125 0.0234375
6 0.45390625 0.7578125 0.03125 0.0234375
6 0.4859375 0.78125 0.0328125 0.0234375
6 0.48359375 0.79921875 0.0328125 0.025
6 0.48046875 0.81640625 0.0328125 0.0234375
6 0.5078125 0.81953125 0.0328125 0.0234375
6 0.51015625 0.80234375 0.0328125 0.0234375
6 0.5125 0.78515625 0.0328125 0.0234375
6 0.515625 0.76640625 0.0328125 0.0234375
6 0.55 0.771875 0.0328125 0.025
6 0.578125 0.775 0.0328125 0.0234375
6 0.54765625 0.78984375 0.03125 0.0234375
6 0.57578125 0.79375 0.03125 0.0234375
6 0.5453125 0.80703125 0.0328125 0.0234375
6 0.5734375 0.8109375 0.0328125 0.0234375
6 0.54375 0.825 0.0328125 0.0234375
6 0.5703125 0.82890625 0.0328125 0.0234375
6 0.640625 0.784375 0.0328125 0.0234375
6 0.63828125 0.80234375 0.03125 0.0234375
6 0.6359375 0.81953125 0.0328125 0.0234375
6 0.63359375 0.8375 0.0328125 0.0234375
6 0.60625 0.8328125 0.0328125 0.0234375
6 0.6078125 0.815625 0.03125 0.0234375
6 0.61015625 0.7984375 0.03125 0.0234375
6 0.61328125 0.78046875 0.03125 0.0234375
6 0.6765625 0.7890625 0.03125 0.0234375
6 0.703125 0.79296875 0.03125 0.0234375
6 0.70078125 0.8109375 0.03125 0.021875
6 0.6734375 0.80703125 0.0328125 0.0234375
6 0.67109375 0.825 0.0328125 0.0234375
6 0.6984375 0.828125 0.03125 0.021875
6 0.69609375 0.84609375 0.0328125 0.0234375
6 0.66875 0.8421875 0.0328125 0.0234375
6 0.23359375 0.69375 0.0296875 0.025
6 0.25859375 0.696875 0.0296875 0.025
6 0.28359375 0.70078125 0.0296875 0.025
6 0.30859375 0.703125 0.03125 0.025
6 0.33359375 0.70703125 0.0296875 0.025
6 0.33671875 0.68828125 0.03125 0.025
6 0.31171875 0.68515625 0.03125 0.025
6 0.2859375 0.68125 0.0296875 0.025
6 0.2609375 0.678125 0.0296875 0.025
6 0.2359375 0.67421875 0.0296875 0.025
6 0.33984375 0.66328125 0.0296875 0.025
6 0.34296875 0.64453125 0.0296875 0.025
6 0.31484375 0.66015625 0.0296875 0.025
6 0.2890625 0.65625 0.03125 0.025
6 0.26484375 0.653125 0.0296875 0.025
6 0.2390625 0.64921875 0.03125 0.025
6 0.31796875 0.63984375 0.0296875 0.025
6 0.2921875 0.63671875 0.03125 0.025
6 0.2671875 0.6328125 0.03125 0.025
6 0.2421875 0.6296875 0.03125 0.025
6 0.39296875 0.6515625 0.0296875 0.025
6 0.4171875 0.6546875 0.03125 0.025
6 0.44296875 0.6578125 0.03125 0.025
6 0.46796875 0.66171875 0.0296875 0.025
6 0.46484375 0.68125 0.0296875 0.0234375
6 0.440625 0.678125 0.03125 0.0234375
6 0.415625 0.67421875 0.0296875 0.0234375
6 0.390625 0.671875 0.03125 0.0234375
6 0.38671875 0.6953125 0.03125 0.025
6 0.4109375 0.69921875 0.0296875 0.025
6 0.43671875 0.70234375 0.03125 0.025
6 0.4625 0.70625 0.0296875 0.025
6 0.38359375 0.71484375 0.03125 0.025
6 0.409375 0.71875 0.0296875 0.025
6 0.434375 0.721875 0.03125 0.025
6 0.459375 0.72578125 0.03125 0.025
3 0.59609375 0.7140625 0.0578125 0.065625
4 0.575 0.6484375 0.03125 0.025
4 0.5515625 0.6453125 0.0265625 0.025
4 0.52890625 0.6421875 0.028125 0.0265625
4 0.50546875 0.6390625 0.028125 0.0265625
5 0.4984375 0.7203125 0.0125 0.009375
5 0.5 0.70859375 0.0109375 0.009375
5 0.50078125 0.7015625 0.0109375 0.0078125
5 0.50234375 0.6890625 0.0125 0.009375
5 0.50390625 0.6765625 0.0125 0.0078125
5 0.63203125 0.69453125 0.0109375 0.0078125
5 0.63046875 0.70703125 0.0125 0.009375
5 0.62890625 0.71953125 0.0125 0.009375
5 0.62734375 0.7265625 0.0125 0.0078125
5 0.6265625 0.73984375 0.0125 0.009375
9 0.521875 0.6859375 0.0328125 0.0359375
9 0.51796875 0.71640625 0.0328125 0.0359375
6 0.721875 0.696875 0.03125 0.025
6 0.71875 0.71640625 0.03125 0.025
6 0.69453125 0.7125 0.0296875 0.025
6 0.66953125 0.709375 0.0296875 0.0265625
6 0.671875 0.68984375 0.03125 0.025
6 0.69765625 0.69375 0.03125 0.025
7 0.278125 0.5328125 0.05625 0.0390625
7 0.29453125 0.4578125 0.071875 0.053125
7 0.275 0.59453125 0.065625 0.053125
10 0.6828125 0.30859375 0.0375 0.028125
10 0.63984375 0.30078125 0.034375 0.0265625
10 0.6875 0.28359375 0.0359375 0.0265625
10 0.64375 0.2765625 0.034375 0.025
10 0.60234375 0.2703125 0.0375 0.0234375
10 0.5984375 0.2953125 0.0328125 0.025
10 0.59453125 0.32421875 0.0359375 0.0265625
0 0.57265625 0.353125 0.0859375 0.0453125
0 0.653125 0.35078125 0.075 0.0609375
2 0.55703125 0.27890625 0.0484375 0.0703125
0 0.5703125 0.40078125 0.05625 0.0265625
3 0.75234375 0.3140625 0.0609375 0.0703125
2 0.7609375 0.3828125 0.053125 0.0515625
3 0.7453125 0.43203125 0.065625 0.05625
7 0.4640625 0.25078125 0.0578125 0.040625
7 0.346875 0.234375 0.109375 0.05
6 0.46328125 0.30703125 0.03125 0.025
6 0.4375 0.303125 0.0296875 0.025
6 0.4125 0.3 0.0296875 0.025
6 0.3875 0.29609375 0.03125 0.025
6 0.3625 0.29296875 0.03125 0.0265625
6 0.359375 0.31171875 0.0328125 0.0265625
6 0.384375 0.315625 0.0296875 0.025
6 0.409375 0.31953125 0.03125 0.025
6 0.434375 0.32265625 0.03125 0.0265625
6 0.46015625 0.3265625 0.03125 0.0265625
6 0.35625 0.33671875 0.03125 0.025
6 0.38125 0.340625 0.03125 0.025
6 0.40625 0.34375 0.03125 0.025
6 0.43125 0.3484375 0.03125 0.025
6 0.45703125 0.35078125 0.03125 0.025
6 0.45390625 0.3703125 0.03125 0.025
6 0.42890625 0.3671875 0.03125 0.025
6 0.40390625 0.36328125 0.03125 0.025
6 0.378125 0.3609375 0.03125 0.025
6 0.35390625 0.35625 0.03125 0.025
6 0.35 0.38203125 0.03125 0.0234375
6 0.37578125 0.38515625 0.0296875 0.025
6 0.40078125 0.38828125 0.0296875 0.0265625
6 0.425 0.3921875 0.03125 0.0265625
6 0.45078125 0.39609375 0.0296875 0.0265625
6 0.446875 0.415625 0.03125 0.025
6 0.42265625 0.41171875 0.03125 0.025
6 0.39765625 0.40859375 0.03125 0.025
6 0.371875 0.4046875 0.0296875 0.025
6 0.34765625 0.4015625 0.03125 0.025
6 0.3109375 0.38515625 0.0328125 0.0234375
6 0.28359375 0.38125 0.034375 0.0234375
6 0.2875 0.3640625 0.0328125 0.021875
6 0.3140625 0.3671875 0.03125 0.0234375
6 0.315625 0.35 0.0328125 0.025
6 0.2890625 0.3453125 0.0328125 0.0234375
6 0.31953125 0.33203125 0.034375 0.025
6 0.29140625 0.328125 0.034375 0.0234375
6 0.3203125 0.3140625 0.034375 0.0234375
6 0.29296875 0.31015625 0.034375 0.0234375
6 0.3234375 0.29609375 0.0328125 0.025
6 0.2953125 0.2921875 0.034375 0.025
5 0.46796875 0.4796875 0.0125 0.021875
5 0.46171875 0.52421875 0.015625 0.021875
5 0.45546875 0.56875 0.0140625 0.021875
5 0.44921875 0.6125 0.015625 0.0203125
5 0.38828125 0.4328125 0.0125 0.009375
5 0.4046875 0.43515625 0.0125 0.009375
5 0.41484375 0.43671875 0.0109375 0.0109375
5 0.43203125 0.43828125 0.0109375 0.009375
5 0.45 0.44140625 0.0140625 0.0109375
6 0.37578125 0.45625 0.03125 0.025
6 0.4015625 0.46015625 0.03125 0.0265625
6 0.42734375 0.4640625 0.03125 0.0265625
6 0.4515625 0.4671875 0.0296875 0.0265625
6 0.44921875 0.48671875 0.03125 0.0265625
6 0.4234375 0.4828125 0.0296875 0.0265625
6 0.3984375 0.48046875 0.03125 0.0265625
6 0.37421875 0.4765625 0.03125 0.025
6 0.36953125 0.5015625 0.03125 0.025
6 0.3953125 0.50546875 0.03125 0.025
6 0.41953125 0.509375 0.0296875 0.0265625
6 0.4453125 0.5125 0.03125 0.025
6 0.3671875 0.5203125 0.0328125 0.025
6 0.3921875 0.5234375 0.03125 0.0234375
6 0.4171875 0.52734375 0.03125 0.025
6 0.44140625 0.53125 0.0296875 0.025
6 0.3640625 0.5453125 0.0296875 0.025
6 0.38984375 0.54921875 0.03125 0.025
6 0.41484375 0.55234375 0.03125 0.025
6 0.4390625 0.55703125 0.03125 0.025
6 0.36171875 0.56484375 0.0328125 0.025
6 0.3859375 0.56875 0.03125 0.025
6 0.41171875 0.571875 0.0296875 0.025
6 0.43671875 0.57578125 0.0328125 0.0265625
6 0.35625 0.5890625 0.0328125 0.0265625
6 0.38359375 0.5921875 0.03125 0.025
6 0.40859375 0.596875 0.03125 0.0265625
6 0.43359375 0.59921875 0.03125 0.0265625
6 0.35625 0.60859375 0.0296875 0.025
6 0.38203125 0.61171875 0.0296875 0.025
6 0.40703125 0.61640625 0.0296875 0.025
6 0.43125 0.61953125 0.0296875 0.025
5 0.23046875 0.59375 0.021875 0.021875
5 0.23359375 0.57578125 0.0203125 0.021875
5 0.2359375 0.55859375 0.0203125 0.021875
5 0.2390625 0.5328125 0.0203125 0.021875
5 0.2484375 0.459375 0.01875 0.021875
5 0.25078125 0.43984375 0.01875 0.021875
6 0.665625 0.734375 0.03125 0.025
6 0.69140625 0.7375 0.03125 0.025
6 0.71640625 0.7421875 0.0296875 0.025
6 0.71328125 0.76015625 0.03125 0.025
6 0.68828125 0.7578125 0.03125 0.025
6 0.6640625 0.75390625 0.0296875 0.025