6 0.41640625 0.3984375 0.0421875 0.046875
6 0.41171875 0.35625 0.04375 0.0453125
6 0.40625 0.31640625 0.0421875 0.0453125
6 0.44375 0.31171875 0.04375 0.0453125
6 0.45 0.35234375 0.04375 0.04375
6 0.4546875 0.39296875 0.0421875 0.0453125
6 0.49921875 0.3875 0.04375 0.0453125
6 0.49375 0.346875 0.0421875 0.04375
6 0.48984375 0.30625 0.0421875 0.0453125
6 0.5265625 0.3015625 0.0421875 0.0453125
6 0.53203125 0.3421875 0.0421875 0.0453125
6 0.53671875 0.38203125 0.0421875 0.0453125
6 0.58203125 0.3765625 0.0421875 0.0453125
6 0.5765625 0.33671875 0.0421875 0.0453125
6 0.571875 0.296875 0.0421875 0.0453125
6 0.609375 0.29140625 0.0421875 0.0453125
6 0.61484375 0.33203125 0.0421875 0.0453125
6 0.61953125 0.37265625 0.04375 0.0453125
10 0.7015625 0.30625 0.075 0.1046875
10 0.7125 0.41328125 0.0546875 0.0703125
9 0.71796875 0.48671875 0.065625 0.040625
5 0.75546875 0.475 0.01875 0.0234375
3 0.58046875 0.4859375 0.0984375 0.1015625
2 0.65234375 0.58359375 0.0828125 0.078125
11 0.765625 0.59140625 0.0328125 0.034375
11 0.7375 0.59453125 0.03125 0.034375
5 0.521875 0.41484375 0.05 0.0265625
5 0.60546875 0.40625 0.05 0.028125
5 0.43984375 0.42578125 0.05 0.025
5 0.38515625 0.49140625 0.0328125 0.065625
6 0.3359375 0.453125 0.040625 0.059375
6 0.365625 0.46328125 0.0421875 0.059375
6 0.33515625 0.49609375 0.040625 0.0609375
6 0.36328125 0.50625 0.040625 0.0609375
6 0.32421875 0.62578125 0.0453125 0.05
11 0.4390625 0.6234375 0.0265625 0.0265625
11 0.45703125 0.6203125 0.015625 0.025
1 0.43515625 0.54296875 0.0640625 0.0953125
0 0.4890625 0.56328125 0.071875 0.125
5 0.47109375 0.6203125 0.0125 0.0171875
5 0.47734375 0.4796875 0.0125 0.0171875
5 0.5125 0.69609375 0.0203125 0.0234375
5 0.615625 0.68359375 0.01875 0.0234375
11 0.59921875 0.6828125 0.0171875 0.028125
11 0.528125 0.69140625 0.01875 0.0296875
11 0.5421875 0.68984375 0.0171875 0.028125
11 0.57109375 0.68671875 0.01875 0.0296875
9 0.35 0.34296875 0.0453125 0.09375
1 0.553125 0.60078125 0.0625 0.0359375
11 0.5703125 0.6234375 0.0328125 0.03125
11 0.5421875 0.62734375 0.0328125 0.0296875