6 0.428125 0.390625 0.0375 0.04375
6 0.42734375 0.3484375 0.0390625 0.0421875
6 0.4265625 0.3078125 0.0390625 0.040625
6 0.4640625 0.30703125 0.0390625 0.0421875
6 0.465625 0.3484375 0.0390625 0.040625
6 0.46640625 0.3890625 0.0390625 0.040625
6 0.51171875 0.38828125 0.0390625 0.0421875
6 0.51015625 0.346875 0.0390625 0.040625
6 0.51015625 0.30625 0.0375 0.040625
6 0.54765625 0.30546875 0.0390625 0.040625
6 0.5484375 0.34609375 0.0390625 0.040625
6 0.5484375 0.38671875 0.0390625 0.040625
6 0.59375 0.3859375 0.0375 0.0421875
6 0.59375 0.34609375 0.0375 0.040625
6 0.59296875 0.30546875 0.0375 0.040625
6 0.63046875 0.30390625 0.0390625 0.040625
6 0.63203125 0.3453125 0.0390625 0.040625
6 0.63203125 0.3859375 0.0390625 0.0421875
10 0.7203125 0.328125 0.065625 0.0984375
10 0.72109375 0.4359375 0.0484375 0.0671875
9 0.71796875 0.509375 0.0625 0.034375
5 0.75625 0.5015625 0.0171875 0.021875
3 0.58125 0.49453125 0.0890625 0.09375
2 0.6421875 0.59921875 0.0765625 0.0703125
11 0.7546875 0.61875 0.0296875 0.03125
11 0.7265625 0.61875 0.028125 0.03125
5 0.53046875 0.4171875 0.0484375 0.021875
5 0.61484375 0.4171875 0.0484375 0.0234375
5 0.44765625 0.41953125 0.0484375 0.0203125
5 0.38671875 0.4796875 0.0265625 0.0625
6 0.3421875 0.43671875 0.034375 0.05625
6 0.3703125 0.44921875 0.0359375 0.05625
6 0.3359375 0.47890625 0.0359375 0.0578125
6 0.36328125 0.4921875 0.034375 0.0578125
6 0.31171875 0.60625 0.0421875 0.0453125
11 0.4265625 0.61640625 0.0234375 0.0234375
11 0.4453125 0.61484375 0.0125 0.025
1 0.43125 0.5359375 0.0546875 0.090625
0 0.48203125 0.56171875 0.059375 0.1203125
5 0.459375 0.61640625 0.0109375 0.015625
5 0.47890625 0.47734375 0.0109375 0.0171875
5 0.49140625 0.69609375 0.0171875 0.021875
5 0.5953125 0.69453125 0.015625 0.021875
11 0.57890625 0.6921875 0.015625 0.0265625
11 0.5078125 0.69375 0.015625 0.028125
11 0.521875 0.69375 0.0140625 0.0265625
11 0.55078125 0.69296875 0.015625 0.028125
9 0.3671875 0.328125 0.0375 0.090625
1 0.5421875 0.60546875 0.0609375 0.0296875
11 0.55703125 0.63046875 0.03125 0.028125
11 0.52890625 0.63046875 0.0296875 0.0265625