6 0.5703125 0.6109375 0.0375 0.04296875
6 0.5703125 0.653125 0.03828125 0.04140625
6 0.5703125 0.69375 0.03828125 0.040625
6 0.5328125 0.69375 0.03828125 0.04140625
6 0.53203125 0.65234375 0.0390625 0.03984375
6 0.53203125 0.61171875 0.03828125 0.040625
6 0.48671875 0.61171875 0.03828125 0.04140625
6 0.4875 0.653125 0.03828125 0.03984375
6 0.48671875 0.69375 0.0375 0.040625
6 0.44921875 0.69375 0.03828125 0.040625
6 0.44921875 0.653125 0.03828125 0.040625
6 0.44921875 0.6125 0.03828125 0.040625
6 0.40390625 0.6125 0.0375 0.04140625
6 0.40390625 0.65234375 0.0375 0.040625
6 0.40390625 0.69296875 0.0375 0.040625
6 0.36640625 0.69375 0.03828125 0.040625
6 0.365625 0.65234375 0.03828125 0.040625
6 0.365625 0.61171875 0.03828125 0.04140625
10 0.2765625 0.66796875 0.06328125 0.09765625
10 0.278125 0.56015625 0.046875 0.065625
9 0.28203125 0.48671875 0.0625 0.03359375
5 0.24375 0.49375 0.01640625 0.02109375
3 0.41875 0.50390625 0.0875 0.0921875
2 0.359375 0.3984375 0.075 0.06953125
11 0.24765625 0.3765625 0.0296875 0.03046875
11 0.27578125 0.37734375 0.02734375 0.03125
5 0.46796875 0.58203125 0.04765625 0.0203125
5 0.38359375 0.58046875 0.04765625 0.021875
5 0.55078125 0.58125 0.04765625 0.01953125
5 0.61328125 0.52265625 0.02578125 0.0625
6 0.65703125 0.56640625 0.03359375 0.05625
6 0.62890625 0.553125 0.03515625 0.05625
6 0.66328125 0.52421875 0.034375 0.0578125
6 0.63671875 0.51015625 0.03359375 0.0578125
6 0.68984375 0.396875 0.040625 0.0453125
11 0.57578125 0.38515625 0.0234375 0.0234375
11 0.55703125 0.3859375 0.0125 0.02421875
1 0.56953125 0.465625 0.053125 0.0890625
0 0.51875 0.43828125 0.05703125 0.11953125
5 0.54296875 0.384375 0.0109375 0.015625
5 0.5203125 0.52265625 0.0109375 0.01640625
5 0.51171875 0.30390625 0.0171875 0.021875
5 0.4078125 0.30390625 0.015625 0.02109375
11 0.42421875 0.30625 0.01484375 0.02578125
11 0.4953125 0.30625 0.01484375 0.02734375
11 0.48125 0.30625 0.0140625 0.0265625
11 0.45234375 0.30625 0.01484375 0.028125
9 0.6296875 0.67421875 0.03515625 0.090625
1 0.459375 0.39375 0.06015625 0.028125
11 0.4453125 0.36875 0.03046875 0.02734375
11 0.4734375 0.36875 0.0296875 0.02578125