10 0.7484375 0.653125 0.06875 0.084375
10 0.74375 0.73203125 0.071875 0.0859375
10 0.6859375 0.6890625 0.06875 0.0828125
2 0.4296875 0.63359375 0.09375 0.078125
3 0.5546875 0.63046875 0.0796875 0.1
6 0.3921875 0.346875 0.053125 0.0625
5 0.75234375 0.8015625 0.0359375 0.0421875
6 0.4703125 0.41796875 0.0515625 0.0640625
5 0.45546875 0.33046875 0.0328125 0.0390625
5 0.22734375 0.696875 0.03125 0.040625
5 0.43203125 0.32890625 0.03125 0.0390625
6 0.4359375 0.54296875 0.0515625 0.0625
5 0.47265625 0.615625 0.03125 0.0390625
6 0.23359375 0.28984375 0.053125 0.0640625
6 0.5078125 0.4265625 0.0515625 0.0640625
5 0.4203125 0.71875 0.0296875 0.0375
5 0.33359375 0.3015625 0.03125 0.0375
5 0.6921875 0.61953125 0.03125 0.0390625
2 0.646875 0.64375 0.059375 0.096875
6 0.4875 0.49765625 0.0515625 0.0640625
6 0.17109375 0.51953125 0.0515625 0.0640625
6 0.521875 0.3734375 0.0515625 0.0640625
6 0.4515625 0.48828125 0.05 0.0640625
11 0.44140625 0.58828125 0.0796875 0.0359375
6 0.47265625 0.55234375 0.0515625 0.0640625
6 0.19140625 0.44296875 0.0515625 0.0640625
6 0.484375 0.36328125 0.0515625 0.0625
6 0.27890625 0.30078125 0.0515625 0.0640625
6 0.25234375 0.4 0.053125 0.0640625
9 0.24296875 0.45859375 0.0265625 0.0328125
6 0.35390625 0.3359375 0.053125 0.0625
11 0.2109375 0.72890625 0.046875 0.03125
6 0.20703125 0.38671875 0.053125 0.0640625
6 0.15078125 0.5953125 0.0515625 0.0640625
6 0.196875 0.6078125 0.0515625 0.0640625
6 0.171875 0.7015625 0.0515625 0.0640625
6 0.1265625 0.684375 0.0515625 0.0640625