10 0.2203125 0.41640625 0.05234375 0.07265625
10 0.2046875 0.3390625 0.05546875 0.0734375
10 0.27109375 0.365625 0.0515625 0.071875
2 0.53359375 0.35234375 0.08046875 0.059375
3 0.41328125 0.38828125 0.059375 0.0875
6 0.64375 0.6203125 0.03984375 0.0546875
5 0.178125 0.27421875 0.0265625 0.03671875
6 0.55 0.571875 0.03828125 0.05546875
5 0.58671875 0.65234375 0.02421875 0.03359375
5 0.7125 0.2390625 0.02265625 0.0359375
5 0.61015625 0.64765625 0.0234375 0.034375
6 0.55078125 0.4421875 0.03828125 0.0546875
5 0.496875 0.38125 0.02265625 0.03359375
6 0.81171875 0.634375 0.03984375 0.05546875
6 0.51171875 0.57265625 0.0390625 0.05546875
5 0.5203125 0.26796875 0.02265625 0.0328125
5 0.71171875 0.6484375 0.0234375 0.0328125
5 0.28359375 0.434375 0.0234375 0.034375
2 0.32109375 0.39921875 0.0375 0.08984375
6 0.5125 0.49921875 0.03828125 0.05546875
6 0.8125 0.39609375 0.0390625 0.05546875
6 0.51171875 0.628125 0.03828125 0.05625
6 0.55 0.4984375 0.0375 0.05546875
11 0.53359375 0.39921875 0.078125 0.01640625
6 0.5125 0.4421875 0.0390625 0.05546875
6 0.8125 0.475 0.0390625 0.05546875
6 0.55078125 0.628125 0.03828125 0.0546875
6 0.76484375 0.63515625 0.0390625 0.05546875
6 0.76484375 0.5328125 0.03984375 0.05546875
9 0.759375 0.4734375 0.0203125 0.02890625
6 0.68359375 0.6203125 0.03984375 0.0546875
11 0.71953125 0.20390625 0.04296875 0.0203125
6 0.8125 0.53359375 0.03984375 0.05546875
6 0.8125 0.3171875 0.0390625 0.05546875
6 0.76484375 0.3171875 0.0390625 0.05546875
6 0.76484375 0.2203125 0.0390625 0.05546875
6 0.81328125 0.225 0.0390625 0.05546875