10 0.225 0.4015625 0.05625 0.075
10 0.21328125 0.3234375 0.059375 0.0765625
10 0.278125 0.35390625 0.0546875 0.075
2 0.54140625 0.3546875 0.0828125 0.0640625
3 0.41953125 0.38359375 0.0640625 0.090625
6 0.6375 0.62734375 0.0421875 0.05625
5 0.190625 0.2578125 0.028125 0.0375
6 0.54609375 0.57421875 0.040625 0.0578125
5 0.57890625 0.65703125 0.0265625 0.034375
5 0.72578125 0.25078125 0.025 0.0375
5 0.60234375 0.653125 0.025 0.0359375
6 0.55390625 0.4453125 0.040625 0.05625
5 0.503125 0.38125 0.025 0.034375
6 0.80390625 0.65078125 0.0421875 0.0578125
6 0.5078125 0.5734375 0.0421875 0.0578125
5 0.5328125 0.26953125 0.025 0.034375
5 0.70390625 0.659375 0.025 0.034375
5 0.2875 0.4234375 0.025 0.0359375
2 0.3265625 0.38984375 0.0421875 0.0921875
6 0.5125 0.5 0.040625 0.0578125
6 0.8171875 0.4125 0.0421875 0.0578125
6 0.5046875 0.62890625 0.040625 0.0578125
6 0.55 0.50078125 0.040625 0.0578125
11 0.5390625 0.40078125 0.078125 0.0203125
6 0.515625 0.44296875 0.0421875 0.0578125
6 0.81328125 0.49140625 0.0421875 0.0578125
6 0.54375 0.63046875 0.040625 0.05625
6 0.75703125 0.64921875 0.0421875 0.0578125
6 0.7625 0.546875 0.0421875 0.0578125
9 0.76015625 0.48671875 0.021875 0.0296875
6 0.67734375 0.6296875 0.0421875 0.05625
11 0.734375 0.215625 0.04375 0.021875
6 0.81015625 0.55 0.0421875 0.0578125
6 0.821875 0.33359375 0.0421875 0.0578125
6 0.77421875 0.33125 0.0421875 0.0578125
6 0.77890625 0.234375 0.0421875 0.0578125
6 0.82734375 0.24140625 0.0421875 0.0578125