3 0.91796875 0.4125 0.05 0.0765625
6 0.73046875 0.61875 0.0234375 0.040625
6 0.74140625 0.69375 0.0234375 0.040625
6 0.71796875 0.65859375 0.0234375 0.040625
6 0.7359375 0.65703125 0.0234375 0.040625
6 0.7125 0.621875 0.0234375 0.040625
6 0.7234375 0.696875 0.0234375 0.040625
2 0.628125 0.45234375 0.0390625 0.065625
6 0.27109375 0.73515625 0.0234375 0.0421875
6 0.40234375 0.659375 0.0234375 0.0421875
6 0.2546875 0.73515625 0.025 0.0421875
11 0.828125 0.68203125 0.0109375 0.0375
6 0.40703125 0.69765625 0.0234375 0.0390625
6 0.81484375 0.41171875 0.0234375 0.040625
1 0.59296875 0.6328125 0.0296875 0.05625
6 0.2515625 0.69765625 0.025 0.0421875
6 0.475 0.73125 0.0234375 0.040625
6 0.79453125 0.6484375 0.0234375 0.040625
6 0.26796875 0.69765625 0.025 0.0421875
6 0.23046875 0.46796875 0.025 0.04375
6 0.74921875 0.4515625 0.0234375 0.0421875
6 0.28046875 0.46953125 0.0234375 0.040625
6 0.7890625 0.6109375 0.0234375 0.040625
6 0.265625 0.66015625 0.0234375 0.0421875
6 0.796875 0.4140625 0.0234375 0.040625
6 0.85078125 0.40625 0.0234375 0.0390625
4 0.5296875 0.5265625 0.0328125 0.0609375
6 0.384375 0.66171875 0.0234375 0.0421875
2 0.56328125 0.4984375 0.0390625 0.0859375
6 0.30625 0.54375 0.0234375 0.040625
6 0.29765625 0.46796875 0.0234375 0.040625
6 0.46484375 0.45859375 0.0234375 0.040625
6 0.2140625 0.4671875 0.025 0.0421875
6 0.4109375 0.73515625 0.0234375 0.0421875
6 0.3890625 0.46328125 0.025 0.0421875
6 0.46640625 0.65625 0.0234375 0.040625
11 0.259375 0.471875 0.0125 0.0390625
11 0.82265625 0.634375 0.0140625 0.059375
6 0.446875 0.46015625 0.0234375 0.040625
6 0.85546875 0.44375 0.0234375 0.040625
6 0.74453125 0.41328125 0.0234375 0.040625
6 0.2484375 0.659375 0.0234375 0.0421875
2 0.5109375 0.46015625 0.0328125 0.06875
6 0.3890625 0.69921875 0.0234375 0.040625
6 0.30234375 0.50546875 0.0234375 0.040625
6 0.8 0.68671875 0.0234375 0.040625
11 0.60625 0.528125 0.009375 0.0296875
6 0.47109375 0.69453125 0.0234375 0.040625
6 0.215625 0.50390625 0.025 0.0421875
11 0.3453125 0.571875 0.0171875 0.0140625
6 0.77265625 0.61328125 0.0234375 0.040625
6 0.2328125 0.50546875 0.025 0.04375
11 0.25390625 0.47109375 0.0125 0.0390625
11 0.2640625 0.51953125 0.0171875 0.059375
11 0.2578125 0.51796875 0.0171875 0.059375
11 0.36484375 0.5703125 0.0171875 0.0140625
6 0.3953125 0.50234375 0.0234375 0.0421875
6 0.4 0.5390625 0.0234375 0.0421875
6 0.4515625 0.4984375 0.0234375 0.040625
6 0.45625 0.5359375 0.0234375 0.040625
6 0.46953125 0.49609375 0.0234375 0.040625
6 0.47421875 0.534375 0.0234375 0.040625
6 0.39375 0.73671875 0.0234375 0.040625
6 0.8203125 0.45 0.0234375 0.040625
6 0.80234375 0.45234375 0.0234375 0.040625
1 0.6640625 0.46796875 0.0328125 0.1203125
6 0.7546875 0.48828125 0.0234375 0.0421875
6 0.77265625 0.4859375 0.0234375 0.0421875
6 0.7671875 0.44921875 0.0234375 0.0421875
6 0.76171875 0.41015625 0.0234375 0.0421875
11 0.88984375 0.403125 0.009375 0.0296875
11 0.89375 0.43125 0.009375 0.0296875
11 0.878125 0.503125 0.0203125 0.0140625
11 0.8546875 0.50625 0.0296875 0.015625
11 0.8203125 0.51171875 0.0296875 0.015625
11 0.8234375 0.68359375 0.0109375 0.0390625
11 0.81640625 0.6359375 0.0140625 0.059375
6 0.77734375 0.65078125 0.0234375 0.040625
6 0.78203125 0.6890625 0.0234375 0.040625
4 0.59765625 0.66953125 0.034375 0.025
11 0.225 0.72109375 0.0109375 0.0296875
11 0.2234375 0.69296875 0.0109375 0.0296875
11 0.221875 0.66484375 0.0109375 0.0296875
6 0.28515625 0.50703125 0.0234375 0.040625
6 0.2890625 0.5453125 0.0234375 0.040625
11 0.49765625 0.52109375 0.0109375 0.0390625
11 0.503125 0.52109375 0.0109375 0.0390625
11 0.49140625 0.4734375 0.015625 0.0578125
11 0.496875 0.47265625 0.0140625 0.059375
11 0.56015625 0.55390625 0.015625 0.0125
11 0.571875 0.55234375 0.0109375 0.0109375
11 0.6046875 0.54765625 0.015625 0.0125
11 0.60234375 0.5 0.009375 0.0296875
4 0.62890625 0.51796875 0.0359375 0.0515625
4 0.33984375 0.62265625 0.025 0.0484375
4 0.31796875 0.62421875 0.025 0.0484375
6 0.321875 0.73125 0.025 0.040625
6 0.30859375 0.69453125 0.0234375 0.0421875
6 0.325 0.67734375 0.025 0.0390625
6 0.33828125 0.7125 0.0234375 0.0421875
11 0.36796875 0.72734375 0.009375 0.0296875
11 0.36484375 0.70390625 0.0078125 0.01875
11 0.3625 0.68515625 0.0078125 0.0203125
3 0.53125 0.68984375 0.0484375 0.1046875
11 0.5015625 0.7359375 0.009375 0.0296875
11 0.49765625 0.7078125 0.0109375 0.0296875
11 0.49453125 0.67890625 0.009375 0.0296875
11 0.4921875 0.65546875 0.0078125 0.0203125
11 0.4890625 0.63671875 0.0078125 0.0203125
3 0.6703125 0.67109375 0.0484375 0.1046875
11 0.703125 0.69765625 0.009375 0.0296875
11 0.69921875 0.66953125 0.009375 0.0296875
11 0.6953125 0.64609375 0.0078125 0.0203125
11 0.69296875 0.6265625 0.0078125 0.0203125
11 0.66875 0.540625 0.015625 0.0125
11 0.7 0.53671875 0.015625 0.0125
11 0.71953125 0.53359375 0.015625 0.0125
11 0.771875 0.58125 0.015625 0.0125
6 0.8515625 0.6796875 0.0234375 0.0421875
6 0.84609375 0.640625 0.0234375 0.040625
6 0.8734375 0.4421875 0.0234375 0.040625
6 0.86796875 0.4046875 0.0234375 0.040625
11 0.19140625 0.73515625 0.0125 0.03125
11 0.57265625 0.66875 0.0109375 0.0296875
11 0.5671875 0.6328125 0.0125 0.04375
11 0.61875 0.63203125 0.0125 0.0296875
11 0.621875 0.66171875 0.0125 0.03125
11 0.83203125 0.578125 0.015625 0.0125