3 0.92578125 0.52890625 0.03984375 0.07109375
6 0.71171875 0.35 0.01796875 0.0390625
6 0.71171875 0.27421875 0.01796875 0.0390625
6 0.69375 0.3125 0.01796875 0.03828125
6 0.71171875 0.31171875 0.01796875 0.0390625
6 0.69375 0.35 0.01796875 0.03828125
6 0.69375 0.27421875 0.01796875 0.03828125
2 0.63359375 0.5296875 0.03046875 0.0625
6 0.240625 0.29921875 0.01875 0.03984375
6 0.38125 0.35546875 0.01875 0.03984375
6 0.22421875 0.3015625 0.01875 0.040625
11 0.8 0.27421875 0.00625 0.0375
6 0.38046875 0.3171875 0.01875 0.0375
6 0.82421875 0.54375 0.01796875 0.0390625
1 0.5734375 0.35546875 0.021875 0.053125
6 0.2265625 0.3390625 0.01875 0.040625
6 0.44296875 0.27421875 0.01875 0.0390625
6 0.77109375 0.31171875 0.01796875 0.0390625
6 0.24296875 0.33671875 0.01875 0.040625
6 0.2375 0.56953125 0.01953125 0.04140625
6 0.75390625 0.51328125 0.01875 0.03984375
6 0.28671875 0.5609375 0.01875 0.0390625
6 0.77109375 0.35 0.01796875 0.0390625
6 0.2453125 0.37421875 0.01875 0.03984375
6 0.80625 0.54375 0.01796875 0.0390625
6 0.86015625 0.54375 0.01796875 0.03671875
4 0.52578125 0.46953125 0.025 0.05859375
6 0.36328125 0.35625 0.01796875 0.03984375
2 0.56328125 0.49296875 0.028125 0.08359375
6 0.30234375 0.48359375 0.01875 0.03828125
6 0.30390625 0.56015625 0.01796875 0.03828125
6 0.47109375 0.54609375 0.01796875 0.03828125
6 0.22109375 0.57265625 0.01953125 0.040625
6 0.37890625 0.2796875 0.01875 0.03984375
6 0.3953125 0.5515625 0.0203125 0.0390625
6 0.4453125 0.35 0.01796875 0.0390625
11 0.265625 0.56171875 0.0078125 0.03828125
11 0.80078125 0.321875 0.00546875 0.05859375
6 0.453125 0.546875 0.01796875 0.0390625
6 0.86015625 0.50625 0.01875 0.0390625
6 0.75390625 0.5515625 0.01875 0.03828125
6 0.22890625 0.37734375 0.01875 0.03984375
2 0.51640625 0.53828125 0.0234375 0.065625
6 0.3625 0.31796875 0.01875 0.03828125
6 0.303125 0.521875 0.01796875 0.03828125
6 0.77109375 0.2734375 0.01796875 0.0390625
11 0.6015625 0.45703125 0.00546875 0.02890625
6 0.44453125 0.31171875 0.01796875 0.0390625
6 0.21796875 0.5359375 0.01953125 0.040625
11 0.33671875 0.45 0.01484375 0.0125
6 0.75390625 0.35 0.01796875 0.03828125
6 0.234375 0.53203125 0.01953125 0.04140625
11 0.26015625 0.56328125 0.0078125 0.03828125
11 0.26328125 0.51328125 0.00859375 0.05859375
11 0.2578125 0.515625 0.00859375 0.05859375
11 0.35625 0.44921875 0.01484375 0.0125
6 0.39609375 0.5125 0.01875 0.03984375
6 0.3953125 0.475 0.01875 0.03984375
6 0.45234375 0.50859375 0.01796875 0.0390625
6 0.4515625 0.4703125 0.01796875 0.0390625
6 0.4703125 0.5078125 0.01796875 0.03828125
6 0.46953125 0.46953125 0.01796875 0.0390625
6 0.36171875 0.28046875 0.01875 0.03828125
6 0.82421875 0.5046875 0.01796875 0.0390625
6 0.80625 0.50546875 0.01796875 0.0390625
1 0.6671875 0.50859375 0.015625 0.11953125
6 0.75390625 0.47578125 0.01875 0.03984375
6 0.771875 0.47578125 0.01875 0.03984375
6 0.771875 0.51328125 0.01875 0.03984375
6 0.771875 0.55234375 0.01875 0.03984375
11 0.89921875 0.54140625 0.00546875 0.02890625
11 0.89921875 0.51328125 0.0046875 0.02890625
11 0.87421875 0.44453125 0.01953125 0.0109375
11 0.85 0.44453125 0.02890625 0.01171875
11 0.815625 0.44375 0.02890625 0.01171875
11 0.79453125 0.2734375 0.00625 0.0390625
11 0.79453125 0.32109375 0.00546875 0.05859375
6 0.75390625 0.31171875 0.01796875 0.03828125
6 0.753125 0.2734375 0.01796875 0.03828125
4 0.5734375 0.31875 0.03203125 0.0203125
11 0.196875 0.31953125 0.00703125 0.0296875
11 0.19921875 0.34765625 0.00703125 0.0296875
11 0.2015625 0.37578125 0.00703125 0.0296875
6 0.2859375 0.52265625 0.01875 0.0390625
6 0.28515625 0.484375 0.01875 0.0390625
11 0.49453125 0.4796875 0.00625 0.0390625
11 0.5 0.47890625 0.00625 0.0390625
11 0.4953125 0.52734375 0.00703125 0.0578125
11 0.50078125 0.52734375 0.00625 0.05859375
11 0.55234375 0.43828125 0.0140625 0.01015625
11 0.5640625 0.43828125 0.01015625 0.01015625
11 0.596875 0.43828125 0.0140625 0.01015625
11 0.6015625 0.4859375 0.00546875 0.02890625
4 0.625 0.4640625 0.02890625 0.0484375
4 0.32421875 0.40078125 0.01875 0.046875
4 0.30234375 0.40234375 0.01875 0.046875
6 0.29140625 0.29609375 0.01953125 0.0375
6 0.28359375 0.33359375 0.01875 0.03984375
6 0.30234375 0.3484375 0.0203125 0.03671875
6 0.31015625 0.31171875 0.01875 0.03984375
11 0.3375 0.29296875 0.00546875 0.0296875
11 0.3375 0.3171875 0.00546875 0.01875
11 0.33828125 0.3359375 0.00546875 0.01953125
3 0.5046875 0.3078125 0.03515625 0.10078125
11 0.46875 0.26640625 0.00546875 0.0296875
11 0.46875 0.29453125 0.00625 0.0296875
11 0.46953125 0.3234375 0.00546875 0.0296875
11 0.4703125 0.346875 0.0046875 0.01953125
11 0.4703125 0.36640625 0.0046875 0.01953125
3 0.64453125 0.30703125 0.03515625 0.10078125
11 0.6734375 0.27578125 0.00546875 0.0296875
11 0.6734375 0.3046875 0.00546875 0.02890625
11 0.6734375 0.328125 0.00546875 0.01953125
11 0.6734375 0.34765625 0.0046875 0.01953125
11 0.66171875 0.4359375 0.01484375 0.01015625
11 0.69296875 0.4359375 0.01484375 0.01015625
11 0.7125 0.4359375 0.01484375 0.01015625
11 0.7578125 0.38203125 0.0140625 0.0109375
6 0.8234375 0.2734375 0.01796875 0.03984375
6 0.8234375 0.3125 0.01875 0.0390625
6 0.878125 0.50546875 0.01796875 0.0390625
6 0.87734375 0.54296875 0.01796875 0.0390625
11 0.16171875 0.31015625 0.0078125 0.03046875
11 0.5484375 0.32265625 0.00703125 0.0296875
11 0.5484375 0.359375 0.00703125 0.04296875
11 0.59921875 0.35234375 0.0078125 0.02890625
11 0.5984375 0.32265625 0.0078125 0.0296875
11 0.81796875 0.3765625 0.01484375 0.01015625