3 0.9265625 0.49140625 0.0453125 0.075
6 0.69765625 0.33203125 0.021875 0.040625
6 0.69140625 0.25625 0.021875 0.040625
6 0.6765625 0.29609375 0.021875 0.0390625
6 0.69453125 0.29375 0.021875 0.040625
6 0.6796875 0.33359375 0.021875 0.0390625
6 0.6734375 0.2578125 0.021875 0.0390625
2 0.6359375 0.51796875 0.0359375 0.065625
6 0.22421875 0.32265625 0.021875 0.040625
6 0.36875 0.36640625 0.021875 0.040625
6 0.2078125 0.3265625 0.021875 0.0421875
11 0.77890625 0.24921875 0.009375 0.0375
6 0.36484375 0.328125 0.021875 0.0390625
6 0.8265625 0.515625 0.021875 0.040625
1 0.5609375 0.35 0.0265625 0.0546875
6 0.21328125 0.36328125 0.021875 0.0421875
6 0.4234375 0.2796875 0.021875 0.040625
6 0.75390625 0.2890625 0.021875 0.040625
6 0.2296875 0.359375 0.021875 0.0421875
6 0.24453125 0.5921875 0.0234375 0.0421875
6 0.75390625 0.49140625 0.021875 0.040625
6 0.29296875 0.57890625 0.021875 0.040625
6 0.75703125 0.3265625 0.021875 0.040625
6 0.23515625 0.396875 0.021875 0.040625
6 0.80859375 0.5171875 0.021875 0.040625
6 0.8625 0.5125 0.021875 0.0375
4 0.52265625 0.4671875 0.0296875 0.0609375
6 0.3515625 0.36875 0.021875 0.040625
2 0.5625 0.4875 0.0359375 0.0859375
6 0.3015625 0.50078125 0.021875 0.0390625
6 0.31015625 0.57734375 0.021875 0.0390625
6 0.475 0.5484375 0.021875 0.0390625
6 0.228125 0.596875 0.0234375 0.0421875
6 0.36015625 0.29140625 0.021875 0.040625
6 0.4 0.56015625 0.0234375 0.040625
6 0.4328125 0.35546875 0.021875 0.040625
11 0.271875 0.58203125 0.0109375 0.0390625
11 0.784375 0.29609375 0.0109375 0.059375
6 0.45703125 0.55078125 0.021875 0.040625
6 0.859375 0.475 0.021875 0.040625
6 0.7578125 0.52890625 0.021875 0.0390625
6 0.21953125 0.4015625 0.021875 0.040625
2 0.51953125 0.53671875 0.0296875 0.0671875
6 0.346875 0.33046875 0.021875 0.0390625
6 0.30546875 0.5390625 0.021875 0.0390625
6 0.75 0.25078125 0.021875 0.040625
11 0.59765625 0.4484375 0.0078125 0.0296875
6 0.428125 0.3171875 0.021875 0.040625
6 0.221875 0.56015625 0.0234375 0.0421875
11 0.3328125 0.4640625 0.015625 0.0140625
6 0.73984375 0.328125 0.021875 0.0390625
6 0.23828125 0.5546875 0.0234375 0.0421875
11 0.26640625 0.58359375 0.0109375 0.0390625
11 0.265625 0.53359375 0.0140625 0.059375
11 0.26015625 0.53671875 0.0140625 0.059375
11 0.35234375 0.46171875 0.015625 0.0140625
6 0.39765625 0.521875 0.021875 0.040625
6 0.39375 0.484375 0.021875 0.040625
6 0.453125 0.5125 0.021875 0.040625
6 0.44921875 0.475 0.021875 0.040625
6 0.47109375 0.51015625 0.021875 0.0390625
6 0.4671875 0.47265625 0.021875 0.040625
6 0.34296875 0.29296875 0.021875 0.0390625
6 0.8234375 0.4765625 0.021875 0.040625
6 0.80546875 0.47890625 0.021875 0.040625
1 0.6671875 0.49375 0.0265625 0.1203125
6 0.75078125 0.45390625 0.021875 0.040625
6 0.76875 0.45234375 0.021875 0.040625
6 0.771875 0.48984375 0.021875 0.040625
6 0.77578125 0.528125 0.021875 0.040625
11 0.9015625 0.50625 0.0078125 0.0296875
11 0.89921875 0.478125 0.0078125 0.0296875
11 0.86796875 0.4125 0.0203125 0.0125
11 0.84375 0.4140625 0.0296875 0.0140625
11 0.809375 0.41640625 0.0296875 0.0140625
11 0.7734375 0.2484375 0.009375 0.0390625
11 0.778125 0.29609375 0.0109375 0.059375
6 0.73671875 0.290625 0.021875 0.0390625
6 0.73203125 0.25234375 0.021875 0.0390625
4 0.55703125 0.31328125 0.034375 0.0234375
11 0.18203125 0.346875 0.009375 0.0296875
11 0.18671875 0.37421875 0.009375 0.0296875
11 0.1921875 0.40234375 0.009375 0.0296875
6 0.2890625 0.54140625 0.021875 0.040625
6 0.284375 0.503125 0.021875 0.040625
11 0.49296875 0.48046875 0.009375 0.0390625
11 0.4984375 0.47890625 0.009375 0.0390625
11 0.49765625 0.52734375 0.0125 0.0578125
11 0.503125 0.52734375 0.0109375 0.059375
11 0.546875 0.43359375 0.015625 0.0109375
11 0.55859375 0.4328125 0.0109375 0.0109375
11 0.59140625 0.4296875 0.015625 0.0109375
11 0.6 0.47734375 0.0078125 0.0296875
4 0.62109375 0.453125 0.0328125 0.05
4 0.31640625 0.41640625 0.0234375 0.0484375
4 0.29453125 0.4203125 0.0234375 0.0484375
6 0.27421875 0.31484375 0.0234375 0.0390625
6 0.26953125 0.353125 0.021875 0.040625
6 0.28984375 0.36640625 0.0234375 0.0390625
6 0.29453125 0.32890625 0.021875 0.040625
11 0.3203125 0.3078125 0.0078125 0.0296875
11 0.321875 0.33203125 0.0078125 0.01875
11 0.32421875 0.35078125 0.0078125 0.0203125
3 0.48828125 0.3078125 0.04375 0.103125
11 0.4484375 0.2703125 0.0078125 0.0296875
11 0.45078125 0.29765625 0.009375 0.0296875
11 0.45390625 0.3265625 0.0078125 0.0296875
11 0.45703125 0.35 0.00625 0.0203125
11 0.45859375 0.36953125 0.00625 0.0203125
3 0.62734375 0.2953125 0.04375 0.103125
11 0.653125 0.26171875 0.0078125 0.0296875
11 0.65546875 0.290625 0.0078125 0.0296875
11 0.6578125 0.31328125 0.0078125 0.0203125
11 0.659375 0.3328125 0.00625 0.0203125
11 0.65546875 0.421875 0.015625 0.0109375
11 0.68671875 0.41953125 0.015625 0.0109375
11 0.70625 0.41796875 0.015625 0.0109375
11 0.746875 0.36015625 0.015625 0.0125
6 0.80234375 0.24609375 0.021875 0.040625
6 0.80625 0.28515625 0.021875 0.040625
6 0.87734375 0.47265625 0.021875 0.040625
6 0.8796875 0.51015625 0.021875 0.040625
11 0.14609375 0.340625 0.0109375 0.03125
11 0.5328125 0.31875 0.009375 0.0296875
11 0.5359375 0.35546875 0.0109375 0.04375
11 0.5859375 0.34453125 0.0109375 0.0296875
11 0.5828125 0.31484375 0.0109375 0.0296875
11 0.80625 0.34921875 0.015625 0.0109375