10 0.50078125 0.3390625 0.021875 0.0328125
10 0.47734375 0.3421875 0.021875 0.0328125
10 0.453125 0.3453125 0.021875 0.0328125
10 0.43671875 0.41484375 0.03125 0.0453125
10 0.44453125 0.46875 0.0296875 0.04375
5 0.43359375 0.4859375 0.0125 0.01875
5 0.428125 0.44140625 0.0125 0.0328125
5 0.4234375 0.3984375 0.0109375 0.0203125
5 0.5421875 0.3828125 0.0125 0.0203125
5 0.54765625 0.4265625 0.0140625 0.0328125
5 0.55390625 0.47265625 0.0109375 0.01875
10 0.53125 0.403125 0.028125 0.04375
1 0.49296875 0.478125 0.04375 0.025
11 0.47734375 0.45625 0.01875 0.028125
11 0.503125 0.453125 0.01875 0.028125
11 0.4828125 0.3921875 0.01875 0.0265625
11 0.48671875 0.4234375 0.0265625 0.0265625
2 0.503125 0.55703125 0.0703125 0.0828125
9 0.546875 0.54765625 0.01875 0.0515625
9 0.4578125 0.559375 0.01875 0.0515625
0 0.60703125 0.76875 0.06875 0.05
6 0.58046875 0.6625 0.0234375 0.04375
11 0.65234375 0.67734375 0.01875 0.028125
11 0.6546875 0.7046875 0.0203125 0.0296875
11 0.659375 0.73125 0.0203125 0.0296875
11 0.6625 0.75859375 0.0203125 0.0296875
1 0.69140625 0.58671875 0.025 0.0890625
10 0.65390625 0.58828125 0.0296875 0.046875
10 0.62265625 0.5921875 0.0296875 0.046875
3 0.62890625 0.4140625 0.0484375 0.075
3 0.62265625 0.50234375 0.0484375 0.075
6 0.6 0.43671875 0.028125 0.0375
6 0.5953125 0.40078125 0.028125 0.0390625
6 0.58203125 0.4203125 0.0265625 0.05
6 0.634375 0.3453125 0.028125 0.0375
6 0.63046875 0.3109375 0.028125 0.0375
6 0.646875 0.32578125 0.028125 0.0484375
3 0.6015625 0.33203125 0.046875 0.075
9 0.621875 0.2453125 0.028125 0.0328125
9 0.596875 0.2484375 0.028125 0.0328125
9 0.57265625 0.25 0.028125 0.0328125
11 0.3875 0.30703125 0.015625 0.0234375
11 0.39453125 0.37109375 0.01875 0.028125
3 0.3828125 0.44296875 0.0390625 0.0828125
10 0.39609375 0.55546875 0.034375 0.0578125
3 0.33515625 0.46328125 0.0421875 0.059375
3 0.340625 0.50859375 0.040625 0.040625
3 0.34609375 0.55234375 0.0421875 0.0546875
11 0.30078125 0.4140625 0.0203125 0.03125
2 0.378125 0.68359375 0.059375 0.0953125
9 0.4328125 0.6875 0.01875 0.065625
3 0.4265625 0.7796875 0.034375 0.0640625
3 0.3890625 0.784375 0.0328125 0.0640625
3 0.3640625 0.7875 0.0328125 0.0640625
6 0.6515625 0.48125 0.0265625 0.0375
6 0.66875 0.496875 0.028125 0.05
6 0.6546875 0.515625 0.0265625 0.0375
10 0.53828125 0.45703125 0.028125 0.04375