10 0.4796875 0.659375 0.01875 0.03125
10 0.503125 0.659375 0.01796875 0.03125
10 0.52734375 0.659375 0.01796875 0.03125
10 0.55234375 0.5921875 0.02578125 0.0421875
10 0.5515625 0.5375 0.025 0.040625
5 0.5640625 0.521875 0.01015625 0.0171875
5 0.5640625 0.5671875 0.009375 0.03125
5 0.56328125 0.61015625 0.009375 0.01875
5 0.44375 0.6109375 0.01015625 0.01953125
5 0.44375 0.5671875 0.01015625 0.03203125
5 0.44296875 0.5203125 0.009375 0.01796875
10 0.45703125 0.5921875 0.02265625 0.040625
1 0.5046875 0.52265625 0.0421875 0.0203125
11 0.5171875 0.54609375 0.015625 0.0265625
11 0.49140625 0.54609375 0.01640625 0.0265625
11 0.50390625 0.609375 0.015625 0.02421875
11 0.50390625 0.57734375 0.0234375 0.02421875
2 0.50390625 0.44296875 0.06171875 0.07578125
9 0.459375 0.446875 0.01328125 0.05078125
9 0.54921875 0.44609375 0.01328125 0.05
0 0.4265625 0.2203125 0.0640625 0.0421875
6 0.43984375 0.32890625 0.01796875 0.0421875
11 0.3703125 0.30546875 0.01640625 0.0265625
11 0.37109375 0.278125 0.01640625 0.028125
11 0.3703125 0.25078125 0.01640625 0.02734375
11 0.3703125 0.2234375 0.01640625 0.02734375
1 0.3203125 0.390625 0.01484375 0.08828125
10 0.3578125 0.39375 0.025 0.04453125
10 0.38984375 0.39375 0.025 0.04375
3 0.36171875 0.56953125 0.040625 0.0703125
3 0.37890625 0.4828125 0.03984375 0.07109375
6 0.39296875 0.55078125 0.0234375 0.03515625
6 0.39296875 0.58671875 0.0234375 0.0359375
6 0.40859375 0.56875 0.02109375 0.0484375
6 0.34765625 0.6375 0.0234375 0.03515625
6 0.34765625 0.671875 0.0234375 0.034375
6 0.3328125 0.6546875 0.021875 0.046875
3 0.37890625 0.6546875 0.0390625 0.0703125
9 0.34765625 0.73828125 0.025 0.03046875
9 0.3734375 0.73828125 0.02421875 0.03046875
9 0.39765625 0.7390625 0.025 0.0296875
11 0.58828125 0.70546875 0.01328125 0.02265625
11 0.5890625 0.640625 0.01484375 0.0265625
3 0.609375 0.57109375 0.0296875 0.0796875
10 0.61015625 0.4578125 0.02734375 0.05546875
3 0.659375 0.55625 0.0359375 0.0546875
3 0.659375 0.5109375 0.0359375 0.03671875
3 0.659375 0.4671875 0.03671875 0.05078125
11 0.6875 0.609375 0.0171875 0.02890625
2 0.64296875 0.3328125 0.04921875 0.08984375
9 0.58984375 0.321875 0.0109375 0.0640625
3 0.60703125 0.23125 0.0265625 0.0609375
3 0.64453125 0.23125 0.02578125 0.06171875
3 0.6703125 0.23125 0.02578125 0.06171875
6 0.34765625 0.5 0.02265625 0.034375
6 0.33203125 0.4828125 0.02265625 0.046875
6 0.3484375 0.465625 0.02265625 0.034375
10 0.45703125 0.53828125 0.0234375 0.040625