10 0.52890625 0.6578125 0.0203125 0.0328125
10 0.50546875 0.659375 0.0203125 0.0328125
10 0.48125 0.6609375 0.0203125 0.0328125
10 0.45234375 0.59453125 0.028125 0.04375
10 0.45078125 0.53984375 0.0265625 0.0421875
5 0.4375 0.525 0.0109375 0.0171875
5 0.43984375 0.5703125 0.0109375 0.03125
5 0.4421875 0.61328125 0.0109375 0.01875
5 0.56171875 0.6078125 0.0109375 0.0203125
5 0.559375 0.5640625 0.0125 0.0328125
5 0.5578125 0.5171875 0.0109375 0.01875
10 0.54765625 0.58984375 0.025 0.0421875
1 0.496875 0.52265625 0.04375 0.021875
11 0.48515625 0.546875 0.0171875 0.028125
11 0.5109375 0.5453125 0.0171875 0.028125
11 0.5015625 0.609375 0.0171875 0.025
11 0.5 0.57734375 0.025 0.025
2 0.49296875 0.44296875 0.065625 0.0796875
9 0.5375 0.44453125 0.015625 0.0515625
9 0.44765625 0.4484375 0.015625 0.05
0 0.55859375 0.2171875 0.065625 0.0453125
6 0.55078125 0.32578125 0.0203125 0.04375
11 0.61953125 0.29921875 0.0171875 0.028125
11 0.6171875 0.271875 0.0171875 0.0296875
11 0.61640625 0.24453125 0.0171875 0.028125
11 0.61484375 0.2171875 0.0171875 0.028125
1 0.6734375 0.38125 0.01875 0.0890625
10 0.63671875 0.38671875 0.0265625 0.0453125
10 0.6046875 0.38828125 0.0265625 0.0453125
3 0.64140625 0.5625 0.04375 0.071875
3 0.6203125 0.4765625 0.04375 0.0734375
6 0.609375 0.5453125 0.025 0.0359375
6 0.61171875 0.58125 0.025 0.0375
6 0.59453125 0.5640625 0.0234375 0.05
6 0.659375 0.6296875 0.025 0.0359375
6 0.6609375 0.66328125 0.025 0.0359375
6 0.675 0.64609375 0.025 0.0484375
3 0.62890625 0.6484375 0.0421875 0.071875
9 0.66484375 0.7296875 0.0265625 0.03125
9 0.6390625 0.73125 0.025 0.03125
9 0.61484375 0.73359375 0.0265625 0.03125
11 0.42265625 0.71015625 0.0140625 0.0234375
11 0.41875 0.6453125 0.015625 0.0265625
3 0.39453125 0.5765625 0.034375 0.08125
10 0.3875 0.46328125 0.0296875 0.05625
3 0.34375 0.56484375 0.0390625 0.05625
3 0.34140625 0.51953125 0.0375 0.0390625
3 0.3390625 0.47578125 0.0390625 0.053125
11 0.31875 0.61875 0.01875 0.0296875
2 0.3484375 0.340625 0.053125 0.0921875
9 0.40078125 0.3265625 0.0140625 0.0640625
3 0.37890625 0.2375 0.0296875 0.0625
3 0.34140625 0.2390625 0.0296875 0.0625
3 0.315625 0.240625 0.0296875 0.0625
6 0.65234375 0.4921875 0.025 0.0359375
6 0.6671875 0.47421875 0.025 0.0484375
6 0.64921875 0.4578125 0.025 0.0359375
10 0.54453125 0.5359375 0.025 0.0421875