3 0.775 0.540625 0.034375 0.05625
3 0.43046875 0.540625 0.034375 0.0578125
6 0.478125 0.23125 0.021875 0.03125
6 0.49921875 0.26328125 0.021875 0.03125
6 0.478125 0.2625 0.021875 0.03125
6 0.53203125 0.23125 0.021875 0.03125
6 0.478125 0.29453125 0.021875 0.03125
6 0.49921875 0.23125 0.021875 0.03125
6 0.7 0.2953125 0.021875 0.03125
6 0.42421875 0.23125 0.021875 0.03125
6 0.678125 0.23046875 0.021875 0.03125
6 0.7484375 0.29453125 0.0203125 0.03125
6 0.53203125 0.2625 0.021875 0.03125
6 0.42421875 0.2953125 0.021875 0.03125
6 0.76953125 0.2953125 0.021875 0.03125
6 0.42421875 0.26328125 0.021875 0.03125
6 0.4453125 0.2953125 0.021875 0.03125
6 0.678125 0.2625 0.021875 0.03125
6 0.69921875 0.26328125 0.021875 0.03125
6 0.678125 0.29453125 0.021875 0.03125
6 0.69921875 0.23125 0.021875 0.03125
6 0.7484375 0.23046875 0.021875 0.03125
6 0.49921875 0.29453125 0.0203125 0.0328125
2 0.5 0.40859375 0.053125 0.065625
6 0.81875 0.21953125 0.025 0.0296875
6 0.4453125 0.26328125 0.021875 0.03125
3 0.5640625 0.55234375 0.034375 0.08125
3 0.70234375 0.584375 0.040625 0.05
6 0.53125 0.29453125 0.021875 0.03125
6 0.7484375 0.26171875 0.0203125 0.03125
3 0.60390625 0.55234375 0.0328125 0.08125
6 0.553125 0.26328125 0.021875 0.03125
6 0.553125 0.2953125 0.021875 0.03125
6 0.4453125 0.23125 0.021875 0.03125
3 0.7078125 0.39453125 0.028125 0.05
6 0.59296875 0.22265625 0.025 0.028125
6 0.553125 0.23125 0.021875 0.03125
6 0.76953125 0.2625 0.021875 0.03125
6 0.76953125 0.23203125 0.021875 0.03125
3 0.49921875 0.5609375 0.05 0.075
9 0.3359375 0.51953125 0.015625 0.0328125
5 0.7953125 0.2140625 0.0109375 0.015625
6 0.3734375 0.5546875 0.0203125 0.0375
6 0.86328125 0.21796875 0.025 0.0296875
3 0.70234375 0.53515625 0.040625 0.05
6 0.3390625 0.5546875 0.021875 0.0375
1 0.83125 0.5375 0.03125 0.075
10 0.44765625 0.41953125 0.034375 0.05
3 0.66953125 0.39453125 0.025 0.053125
10 0.44375 0.38125 0.034375 0.0484375
9 0.3703125 0.51875 0.015625 0.034375
6 0.74453125 0.38125 0.01875 0.0375
11 0.6515625 0.2859375 0.00625 0.0546875
5 0.47734375 0.36484375 0.021875 0.021875
5 0.40625 0.2140625 0.009375 0.015625
6 0.74453125 0.421875 0.01875 0.0375
5 0.728125 0.60625 0.009375 0.015625
5 0.540625 0.6078125 0.0109375 0.015625
9 0.38203125 0.22578125 0.015625 0.034375
5 0.4578125 0.565625 0.0109375 0.015625
11 0.6625 0.59765625 0.0109375 0.028125
6 0.64140625 0.40625 0.025 0.025
6 0.6359375 0.22265625 0.025 0.028125
11 0.7265625 0.28671875 0.00625 0.0484375
11 0.7203125 0.28671875 0.00625 0.046875
11 0.7265625 0.23984375 0.00625 0.046875
11 0.7203125 0.23984375 0.00625 0.046875
5 0.86171875 0.46328125 0.021875 0.0234375
11 0.94453125 0.49609375 0.009375 0.03125
9 0.86953125 0.553125 0.0125 0.053125
5 0.79609375 0.56953125 0.009375 0.0140625
5 0.46953125 0.603125 0.0109375 0.015625