3 0.221875 0.5078125 0.04375 0.0625
3 0.56171875 0.44765625 0.0453125 0.0625
6 0.56796875 0.7609375 0.0265625 0.0359375
6 0.5421875 0.7328125 0.0265625 0.034375
6 0.5625 0.73046875 0.0265625 0.034375
6 0.51484375 0.7703125 0.0265625 0.034375
6 0.55703125 0.6984375 0.0265625 0.0359375
6 0.54765625 0.76484375 0.0265625 0.034375
6 0.33828125 0.7359375 0.0265625 0.0359375
6 0.62109375 0.7515625 0.0265625 0.034375
6 0.37109375 0.79609375 0.0265625 0.034375
6 0.29140625 0.7453125 0.025 0.034375
6 0.509375 0.73984375 0.0265625 0.034375
6 0.61015625 0.68828125 0.0265625 0.0359375
6 0.2703125 0.7484375 0.0265625 0.034375
6 0.615625 0.7203125 0.0265625 0.034375
6 0.5890625 0.6921875 0.0265625 0.034375
6 0.365625 0.76484375 0.0265625 0.034375
6 0.34453125 0.76796875 0.0265625 0.034375
6 0.36015625 0.73359375 0.0265625 0.0359375
6 0.35078125 0.79921875 0.0265625 0.0359375
6 0.30234375 0.80859375 0.0265625 0.034375
6 0.53671875 0.70234375 0.025 0.0359375
2 0.515625 0.58984375 0.0640625 0.075
6 0.23515625 0.83125 0.03125 0.034375
6 0.5953125 0.7234375 0.0265625 0.034375
3 0.428125 0.459375 0.0484375 0.0859375
3 0.2859375 0.45234375 0.0484375 0.05625
6 0.5046875 0.7078125 0.0265625 0.0359375
6 0.296875 0.778125 0.025 0.0328125
3 0.38828125 0.46640625 0.046875 0.0859375
6 0.4890625 0.7421875 0.0265625 0.034375
6 0.48359375 0.7109375 0.0265625 0.0359375
6 0.60078125 0.75546875 0.0265625 0.0359375
3 0.31328125 0.63984375 0.0359375 0.0546875
6 0.45625 0.7890625 0.0296875 0.0328125
6 0.49453125 0.77421875 0.0265625 0.034375
6 0.27578125 0.78046875 0.0265625 0.034375
6 0.28125 0.8109375 0.0265625 0.034375
3 0.48984375 0.43984375 0.0625 0.08125
9 0.6578125 0.45234375 0.021875 0.0359375
5 0.25859375 0.8328125 0.0140625 0.0171875
6 0.61484375 0.42421875 0.0265625 0.0390625
6 0.19140625 0.840625 0.0296875 0.0328125
3 0.29453125 0.50078125 0.05 0.05625
6 0.64921875 0.41796875 0.028125 0.040625
1 0.1671875 0.5203125 0.04375 0.0796875
10 0.565625 0.5703125 0.0421875 0.0546875
3 0.3515625 0.63359375 0.0328125 0.05625
10 0.57578125 0.60703125 0.04375 0.053125
9 0.62421875 0.459375 0.021875 0.0359375
6 0.2796875 0.659375 0.025 0.0390625
11 0.38828125 0.7375 0.0171875 0.0546875
5 0.54609375 0.62890625 0.025 0.0265625
5 0.6421875 0.765625 0.0125 0.015625
6 0.27265625 0.61953125 0.025 0.0390625
5 0.25703125 0.43515625 0.0125 0.0171875
5 0.44140625 0.40078125 0.0140625 0.0171875
9 0.6640625 0.74921875 0.0203125 0.0359375
5 0.53046875 0.428125 0.0140625 0.0171875
11 0.32265625 0.43203125 0.015625 0.028125
6 0.37734375 0.6171875 0.0296875 0.0296875
6 0.4140625 0.796875 0.0296875 0.0328125
11 0.3140625 0.74921875 0.015625 0.0484375
11 0.3203125 0.7484375 0.0140625 0.0484375
11 0.321875 0.7953125 0.015625 0.0484375
11 0.328125 0.79453125 0.015625 0.0484375
5 0.15 0.59921875 0.025 0.0265625
11 0.06328125 0.58125 0.015625 0.0328125
9 0.1265625 0.51171875 0.021875 0.053125
5 0.19609375 0.4828125 0.0125 0.015625
5 0.51171875 0.39296875 0.0140625 0.0171875