3 0.225 0.459375 0.03515625 0.05703125
3 0.56953125 0.459375 0.03515625 0.0578125
6 0.521875 0.76875 0.02109375 0.03203125
6 0.50078125 0.73671875 0.02109375 0.03125
6 0.521875 0.7375 0.02109375 0.03125
6 0.46796875 0.76875 0.02109375 0.03125
6 0.521875 0.70546875 0.02109375 0.03203125
6 0.50078125 0.76875 0.02109375 0.03125
6 0.3 0.7046875 0.02109375 0.03203125
6 0.57578125 0.76875 0.02109375 0.03125
6 0.321875 0.76953125 0.02109375 0.03125
6 0.2515625 0.70546875 0.0203125 0.03203125
6 0.46796875 0.7375 0.02109375 0.03125
6 0.57578125 0.7046875 0.02109375 0.03203125
6 0.23046875 0.7046875 0.021875 0.03125
6 0.57578125 0.73671875 0.02109375 0.03125
6 0.5546875 0.7046875 0.021875 0.03125
6 0.321875 0.7375 0.02109375 0.03125
6 0.30078125 0.73671875 0.02109375 0.03125
6 0.321875 0.70546875 0.02109375 0.03203125
6 0.30078125 0.76875 0.02109375 0.03203125
6 0.2515625 0.76953125 0.02109375 0.03125
6 0.50078125 0.70546875 0.0203125 0.0328125
2 0.5 0.59140625 0.053125 0.06640625
6 0.18125 0.78046875 0.02578125 0.0296875
6 0.5546875 0.73671875 0.021875 0.03125
3 0.4359375 0.44765625 0.034375 0.08046875
3 0.29765625 0.415625 0.040625 0.04921875
6 0.46875 0.70546875 0.02109375 0.03203125
6 0.2515625 0.73828125 0.0203125 0.03046875
3 0.39609375 0.44765625 0.0328125 0.08203125
6 0.446875 0.73671875 0.02109375 0.03046875
6 0.446875 0.7046875 0.02109375 0.03203125
6 0.5546875 0.76875 0.021875 0.03203125
3 0.2921875 0.60546875 0.02734375 0.05078125
6 0.40703125 0.77734375 0.02578125 0.02890625
6 0.446875 0.76875 0.021875 0.03046875
6 0.23046875 0.7375 0.021875 0.03125
6 0.23046875 0.76796875 0.021875 0.03125
3 0.50078125 0.4390625 0.05078125 0.07421875
9 0.6640625 0.48046875 0.01640625 0.0328125
5 0.2046875 0.7859375 0.0109375 0.015625
6 0.6265625 0.4453125 0.0203125 0.03671875
6 0.13671875 0.78203125 0.025 0.0296875
3 0.29765625 0.46484375 0.04140625 0.05
6 0.6609375 0.4453125 0.021875 0.0375
1 0.16875 0.4625 0.03046875 0.07578125
10 0.55234375 0.58046875 0.034375 0.05
3 0.33046875 0.60546875 0.02421875 0.05234375
10 0.55625 0.61875 0.03515625 0.0484375
9 0.6296875 0.48125 0.01640625 0.034375
6 0.25546875 0.61875 0.01875 0.03671875
11 0.3484375 0.7140625 0.00703125 0.0546875
5 0.52265625 0.63515625 0.021875 0.02265625
5 0.59375 0.7859375 0.01015625 0.01484375
6 0.25546875 0.578125 0.01875 0.03671875
5 0.271875 0.39375 0.01015625 0.015625
5 0.459375 0.3921875 0.0109375 0.015625
9 0.61796875 0.77421875 0.01484375 0.03359375
5 0.5421875 0.434375 0.0109375 0.015625
11 0.3375 0.40234375 0.0109375 0.02734375
6 0.35859375 0.59375 0.02578125 0.02578125
6 0.3640625 0.77734375 0.02578125 0.02890625
11 0.2734375 0.71328125 0.00703125 0.0484375
11 0.2796875 0.71328125 0.00625 0.04765625
11 0.2734375 0.76015625 0.00703125 0.04765625
11 0.2796875 0.76015625 0.00703125 0.04765625
5 0.13828125 0.53671875 0.02109375 0.0234375
11 0.05546875 0.50390625 0.01015625 0.03125
9 0.13046875 0.446875 0.0125 0.05234375
5 0.20390625 0.43046875 0.01015625 0.0140625
5 0.53046875 0.396875 0.0109375 0.015625