10 0.38671875 0.146875 0.0484375 0.059375
6 0.475 0.459375 0.04375 0.0546875
10 0.33984375 0.1359375 0.0484375 0.059375
10 0.32578125 0.19453125 0.05 0.059375
6 0.46328125 0.50546875 0.04375 0.0546875
6 0.653125 0.553125 0.0453125 0.0546875
6 0.43046875 0.496875 0.04375 0.053125
6 0.696875 0.2109375 0.04375 0.0546875
6 0.55390625 0.47734375 0.04375 0.0546875
6 0.74453125 0.2234375 0.04375 0.0546875
6 0.58671875 0.4859375 0.04375 0.0546875
6 0.66484375 0.50546875 0.0453125 0.05625
6 0.68671875 0.5609375 0.04375 0.0546875
6 0.66328125 0.20234375 0.04375 0.0546875
6 0.5421875 0.525 0.0453125 0.0546875
6 0.4421875 0.45078125 0.0453125 0.0546875
6 0.69765625 0.51484375 0.04375 0.0546875
6 0.575 0.53203125 0.04375 0.053125
3 0.171875 0.4140625 0.0703125 0.0703125
6 0.53359375 0.17109375 0.04375 0.053125
10 0.37109375 0.20625 0.0484375 0.059375
2 0.440625 0.17265625 0.0734375 0.103125
1 0.284375 0.1203125 0.0546875 0.05625
6 0.778125 0.23125 0.0453125 0.053125
6 0.5 0.1625 0.0453125 0.053125
11 0.6234375 0.5234375 0.03125 0.084375
3 0.29453125 0.43671875 0.0703125 0.08125
3 0.77578125 0.54296875 0.075 0.0921875
11 0.40234375 0.46875 0.0296875 0.0828125
6 0.61484375 0.190625 0.0453125 0.05625
6 0.58203125 0.18203125 0.0453125 0.0546875
11 0.503125 0.49375 0.0296875 0.084375
11 0.7234375 0.5484375 0.0296875 0.0828125
2 0.1890625 0.31484375 0.1 0.109375
11 0.784375 0.30390625 0.0234375 0.0578125
11 0.5125 0.49609375 0.0296875 0.0828125
11 0.61484375 0.52109375 0.03125 0.084375
11 0.2515625 0.18203125 0.034375 0.0328125
11 0.6265625 0.2984375 0.0328125 0.0640625
9 0.39375 0.3765625 0.046875 0.0484375
11 0.46015625 0.23671875 0.03125 0.084375
11 0.57734375 0.28515625 0.03125 0.065625
11 0.8015625 0.29375 0.034375 0.084375
5 0.50234375 0.3734375 0.0328125 0.021875
5 0.56796875 0.38984375 0.0328125 0.021875
5 0.634375 0.40625 0.0328125 0.0234375
5 0.70625 0.42421875 0.0328125 0.021875
9 0.65390625 0.29609375 0.0359375 0.046875
9 0.55390625 0.271875 0.034375 0.046875
2 0.703125 0.3171875 0.078125 0.0859375
5 0.1765625 0.26953125 0.028125 0.028125
3 0.34765625 0.44921875 0.0703125 0.078125