10 0.3046875 0.18515625 0.03671875 0.0515625
6 0.465625 0.46640625 0.03359375 0.0484375
10 0.25625 0.1859375 0.03671875 0.0515625
10 0.25703125 0.24609375 0.03828125 0.0515625
6 0.465625 0.5140625 0.03359375 0.04765625
6 0.66171875 0.5140625 0.034375 0.0484375
6 0.43203125 0.5140625 0.03359375 0.046875
6 0.62109375 0.171875 0.03359375 0.04765625
6 0.546875 0.46484375 0.03359375 0.04765625
6 0.6703125 0.17265625 0.0328125 0.0484375
6 0.58046875 0.465625 0.03359375 0.0484375
6 0.66171875 0.465625 0.034375 0.04921875
6 0.69609375 0.5140625 0.03359375 0.04765625
6 0.58671875 0.171875 0.03359375 0.0484375
6 0.546875 0.5140625 0.034375 0.04765625
6 0.43203125 0.46640625 0.034375 0.04765625
6 0.6953125 0.46640625 0.03359375 0.0484375
6 0.58046875 0.51328125 0.0328125 0.046875
3 0.1609375 0.49609375 0.05859375 0.05859375
6 0.453125 0.17265625 0.03359375 0.046875
10 0.30390625 0.24609375 0.03671875 0.0515625
2 0.36328125 0.196875 0.053125 0.09296875
1 0.19921875 0.18359375 0.04453125 0.04609375
6 0.7046875 0.171875 0.034375 0.046875
6 0.41875 0.17265625 0.034375 0.046875
11 0.62578125 0.49296875 0.0109375 0.08359375
3 0.28515625 0.48828125 0.05546875 0.06953125
3 0.778125 0.475 0.05703125 0.08046875
11 0.39765625 0.49296875 0.009375 0.08359375
6 0.53671875 0.171875 0.034375 0.04921875
6 0.503125 0.171875 0.034375 0.0484375
5 0.94296875 0.1515625 0.02265625 0.02109375
11 0.5015625 0.49296875 0.009375 0.084375
11 0.728125 0.49296875 0.01015625 0.08359375
2 0.153125 0.3953125 0.08046875 0.09296875
11 0.728125 0.240625 0.01015625 0.05703125
11 0.5109375 0.49296875 0.01015625 0.08359375
11 0.61640625 0.49296875 0.0109375 0.08359375
11 0.18203125 0.2515625 0.02890625 0.02734375
11 0.57421875 0.2734375 0.01796875 0.0609375
9 0.3671875 0.40625 0.0390625 0.03984375
11 0.39765625 0.25390625 0.0109375 0.08359375
11 0.52265625 0.27265625 0.015625 0.06328125
11 0.74296875 0.2265625 0.01484375 0.08359375
5 0.471875 0.3765625 0.0296875 0.015625
5 0.5390625 0.3765625 0.0296875 0.01484375
5 0.6078125 0.3765625 0.03046875 0.01640625
5 0.68203125 0.3765625 0.03046875 0.015625
9 0.6 0.26484375 0.02734375 0.04140625
9 0.496875 0.265625 0.02421875 0.0421875
2 0.653125 0.2734375 0.0625 0.07265625
5 0.13046875 0.3546875 0.02265625 0.02265625
3 0.33984375 0.4875 0.05546875 0.06640625