3 0.35234375 0.659375 0.05 0.07578125
6 0.71640625 0.53359375 0.03984375 0.0484375
6 0.75546875 0.403125 0.0390625 0.0484375
6 0.71640625 0.40390625 0.03984375 0.04765625
6 0.57890625 0.5 0.0390625 0.0484375
6 0.75546875 0.5328125 0.0390625 0.0484375
6 0.61875 0.50078125 0.0390625 0.0484375
6 0.71640625 0.58046875 0.03984375 0.04765625
6 0.71640625 0.45078125 0.03984375 0.04765625
6 0.75546875 0.4515625 0.03828125 0.04765625
6 0.75546875 0.27734375 0.0390625 0.0484375
6 0.71640625 0.325 0.03984375 0.04765625
6 0.75546875 0.58046875 0.0390625 0.04765625
6 0.61875 0.54765625 0.03984375 0.04765625
6 0.75546875 0.32578125 0.0390625 0.046875
6 0.75546875 0.65859375 0.03828125 0.046875
6 0.71640625 0.27734375 0.03984375 0.0484375
6 0.57890625 0.54765625 0.03984375 0.04765625
5 0.56328125 0.37734375 0.015625 0.021875
3 0.4609375 0.68515625 0.0546875 0.071875
6 0.71640625 0.6578125 0.03984375 0.046875
5 0.5671875 0.41796875 0.02109375 0.03046875
5 0.3953125 0.61953125 0.0203125 0.03203125
10 0.7296875 0.1546875 0.06015625 0.0859375
9 0.61640625 0.309375 0.03828125 0.03671875
11 0.5546875 0.684375 0.01171875 0.0828125
9 0.5765625 0.309375 0.0375 0.03671875
11 0.57890625 0.44140625 0.03984375 0.0171875
11 0.5796875 0.60703125 0.0390625 0.01640625
11 0.61875 0.44140625 0.03984375 0.0171875
11 0.61875 0.60703125 0.0390625 0.01640625
3 0.51328125 0.68515625 0.05 0.071875
2 0.603125 0.4140625 0.065625 0.034375
11 0.75390625 0.68984375 0.0390625 0.01796875
11 0.71484375 0.68984375 0.03984375 0.01796875
1 0.615625 0.68125 0.0703125 0.06171875
11 0.31328125 0.76171875 0.04375 0.0234375