3 0.6015625 0.6921875 0.0671875 0.0859375
6 0.28203125 0.4765625 0.0515625 0.0578125
6 0.278125 0.340625 0.05 0.05625
6 0.315625 0.35078125 0.0515625 0.05625
6 0.4234375 0.4796875 0.05 0.05625
6 0.24453125 0.465625 0.05 0.05625
6 0.38515625 0.4703125 0.05 0.05625
6 0.2703125 0.521875 0.0515625 0.05625
6 0.30390625 0.39609375 0.0515625 0.05625
6 0.265625 0.38671875 0.05 0.05625
6 0.3109375 0.21875 0.05 0.05625
6 0.3359375 0.275 0.0515625 0.05625
6 0.23203125 0.51171875 0.05 0.05625
6 0.37265625 0.515625 0.0515625 0.05625
6 0.2984375 0.265625 0.05 0.0546875
6 0.2125 0.58671875 0.0484375 0.0546875
6 0.3484375 0.22890625 0.0515625 0.0578125
6 0.41171875 0.52578125 0.0515625 0.05625
5 0.4703125 0.36484375 0.0203125 0.025
3 0.48984375 0.6890625 0.071875 0.0828125
6 0.25 0.59609375 0.05 0.05625
5 0.45625 0.403125 0.028125 0.034375
5 0.5703125 0.6421875 0.028125 0.0359375
10 0.3671875 0.10703125 0.0796875 0.0984375
9 0.43671875 0.2859375 0.046875 0.0453125
11 0.39921875 0.6640625 0.0328125 0.0828125
9 0.475 0.29609375 0.0453125 0.0453125
11 0.4390625 0.42265625 0.0421875 0.0265625
11 0.3953125 0.5828125 0.0421875 0.0265625
11 0.40078125 0.4125 0.0421875 0.0265625
11 0.3578125 0.57265625 0.0421875 0.0265625
3 0.4390625 0.67578125 0.0671875 0.0828125
2 0.42265625 0.390625 0.071875 0.05
11 0.20546875 0.61796875 0.0421875 0.028125
11 0.24296875 0.628125 0.04375 0.028125
1 0.34140625 0.6453125 0.084375 0.078125
11 0.6125 0.80078125 0.0484375 0.034375