3 0.63359375 0.328125 0.05625 0.0796875
6 0.28125 0.48515625 0.04375 0.0515625
6 0.25390625 0.61875 0.04375 0.0515625
6 0.29296875 0.61484375 0.04375 0.0515625
6 0.42109375 0.50703125 0.04375 0.0515625
6 0.24296875 0.48984375 0.04375 0.0515625
6 0.38125 0.509375 0.04375 0.0515625
6 0.27734375 0.4390625 0.04375 0.0515625
6 0.2890625 0.56796875 0.04375 0.0515625
6 0.25 0.5703125 0.0421875 0.0515625
6 0.26484375 0.74375 0.04375 0.0515625
6 0.3 0.69296875 0.04375 0.0515625
6 0.23828125 0.4421875 0.04375 0.0515625
6 0.37734375 0.4625 0.04375 0.0515625
6 0.2609375 0.69609375 0.04375 0.05
6 0.23203125 0.3640625 0.0421875 0.05
6 0.30390625 0.740625 0.04375 0.0515625
6 0.4171875 0.459375 0.04375 0.0515625
5 0.44765625 0.62734375 0.0171875 0.0234375
3 0.52265625 0.3125 0.0609375 0.0765625
6 0.2703125 0.36171875 0.04375 0.05
5 0.43984375 0.5875 0.0234375 0.0328125
5 0.59375 0.371875 0.0234375 0.034375
10 0.3015625 0.8640625 0.0671875 0.090625
9 0.40078125 0.7 0.040625 0.040625
11 0.4296875 0.32109375 0.01875 0.0828125
9 0.440625 0.696875 0.040625 0.040625
11 0.4265625 0.565625 0.040625 0.0203125
11 0.4109375 0.4 0.040625 0.0203125
11 0.38671875 0.56875 0.040625 0.0203125
11 0.37265625 0.40390625 0.040625 0.0203125
3 0.4703125 0.31640625 0.05625 0.0765625
2 0.4046875 0.59453125 0.06875 0.040625
11 0.23046875 0.3328125 0.040625 0.021875
11 0.26953125 0.3296875 0.040625 0.021875
1 0.36875 0.3296875 0.075 0.0671875
11 0.66328125 0.22265625 0.0453125 0.0265625