6 0.46015625 0.23671875 0.015625 0.0265625
6 0.46171875 0.2640625 0.01640625 0.02734375
6 0.47734375 0.23671875 0.0171875 0.02734375
6 0.47734375 0.2640625 0.01640625 0.02734375
6 0.41875 0.2640625 0.01640625 0.02734375
6 0.47578125 0.48359375 0.01875 0.02265625
6 0.56328125 0.26328125 0.01640625 0.02734375
6 0.43515625 0.2640625 0.01640625 0.02578125
6 0.56328125 0.2359375 0.015625 0.0265625
6 0.43515625 0.23671875 0.01640625 0.0265625
6 0.45703125 0.60078125 0.01875 0.02265625
6 0.45703125 0.48359375 0.01875 0.021875
6 0.45703125 0.71875 0.01953125 0.02265625
6 0.47578125 0.60078125 0.01953125 0.02265625
6 0.47578125 0.57734375 0.01875 0.02265625
5 0.54765625 0.7125 0.009375 0.01328125
6 0.51953125 0.26328125 0.01640625 0.02734375
6 0.45703125 0.69609375 0.01875 0.02265625
6 0.41875 0.23671875 0.015625 0.02734375
6 0.45703125 0.57734375 0.01875 0.02265625
6 0.47578125 0.5421875 0.01953125 0.02265625
6 0.45703125 0.5421875 0.01953125 0.02265625
6 0.45703125 0.66015625 0.01953125 0.02265625
6 0.503125 0.2625 0.015625 0.02734375
3 0.3421875 0.2671875 0.021875 0.0484375
6 0.47578125 0.46015625 0.01875 0.0234375
6 0.50390625 0.2359375 0.0171875 0.02578125
5 0.32734375 0.23046875 0.01328125 0.0203125
10 0.53671875 0.7328125 0.01953125 0.02421875
6 0.45703125 0.51953125 0.01875 0.02265625
6 0.45703125 0.46015625 0.01953125 0.0234375
2 0.3515625 0.3859375 0.04375 0.08046875
5 0.48125 0.72734375 0.009375 0.02109375
6 0.47578125 0.51953125 0.01953125 0.02265625
6 0.45703125 0.63671875 0.01875 0.02265625
5 0.37109375 0.23515625 0.0171875 0.0265625
3 0.40625 0.37890625 0.02421875 0.07265625
5 0.334375 0.35546875 0.01328125 0.01875
6 0.51953125 0.2359375 0.015625 0.0265625
5 0.58671875 0.2359375 0.0171875 0.028125
5 0.58828125 0.30078125 0.01640625 0.0234375
5 0.36484375 0.42578125 0.021875 0.01875
6 0.546875 0.26328125 0.01640625 0.02734375
6 0.546875 0.2359375 0.0171875 0.02734375
5 0.4546875 0.30625 0.0203125 0.01484375
7 0.53515625 0.78046875 0.02109375 0.03671875
11 0.44140625 0.35390625 0.0078125 0.02109375
11 0.52890625 0.3078125 0.0125 0.009375
11 0.54140625 0.3078125 0.0125 0.009375
11 0.55390625 0.3078125 0.0125 0.009375
11 0.56640625 0.3078125 0.0125 0.009375
11 0.44140625 0.37421875 0.0078125 0.02109375
11 0.44140625 0.39453125 0.0078125 0.02109375
11 0.44140625 0.4203125 0.0078125 0.03125
3 0.38359375 0.2671875 0.02265625 0.04765625