6 0.5984375 0.25234375 0.021875 0.0296875
6 0.590625 0.27890625 0.021875 0.0296875
6 0.58125 0.2484375 0.0234375 0.03125
6 0.575 0.275 0.021875 0.0296875
6 0.63203125 0.28828125 0.021875 0.0296875
6 0.52734375 0.48984375 0.0234375 0.0265625
6 0.49140625 0.25546875 0.021875 0.0296875
6 0.61640625 0.284375 0.021875 0.028125
6 0.49765625 0.228125 0.021875 0.0296875
6 0.62265625 0.2578125 0.021875 0.0296875
6 0.51953125 0.6078125 0.0234375 0.0265625
6 0.5453125 0.49375 0.0234375 0.025
6 0.49296875 0.72265625 0.0234375 0.0265625
6 0.50078125 0.60390625 0.0234375 0.0265625
6 0.50625 0.58046875 0.0234375 0.0265625
5 0.40546875 0.69609375 0.0125 0.015625
6 0.534375 0.26484375 0.021875 0.0296875
6 0.49765625 0.70078125 0.0234375 0.0265625
6 0.63828125 0.26171875 0.021875 0.0296875
6 0.52421875 0.58515625 0.0234375 0.0265625
6 0.5140625 0.546875 0.0234375 0.0265625
6 0.53203125 0.55078125 0.0234375 0.0265625
6 0.50546875 0.665625 0.0234375 0.0265625
6 0.55 0.26796875 0.021875 0.0296875
3 0.70625 0.30859375 0.0328125 0.0515625
6 0.5328125 0.46640625 0.0234375 0.0265625
6 0.55546875 0.2421875 0.021875 0.0296875
5 0.72890625 0.2765625 0.0171875 0.0234375
10 0.41171875 0.71875 0.025 0.028125
6 0.5375 0.52890625 0.0234375 0.0265625
6 0.55078125 0.47109375 0.025 0.0265625
2 0.6703125 0.421875 0.0609375 0.0875
5 0.4671875 0.72578125 0.0140625 0.0234375
6 0.51953125 0.52421875 0.0234375 0.0265625
6 0.5109375 0.64296875 0.0234375 0.0265625
5 0.68515625 0.27109375 0.0234375 0.0296875
3 0.61875 0.403125 0.040625 0.0765625
5 0.69375 0.39609375 0.0171875 0.021875
6 0.540625 0.23828125 0.021875 0.0296875
5 0.475 0.2234375 0.0234375 0.03125
5 0.45859375 0.2859375 0.021875 0.0265625
5 0.6484375 0.4578125 0.025 0.0234375
6 0.5078125 0.25859375 0.021875 0.0296875
6 0.5140625 0.23203125 0.0234375 0.03125
5 0.5875 0.32109375 0.0234375 0.01875
7 0.40234375 0.765625 0.028125 0.040625
11 0.58984375 0.37109375 0.0125 0.021875
11 0.51484375 0.30625 0.0140625 0.0125
11 0.503125 0.303125 0.0140625 0.0125
11 0.490625 0.30078125 0.0140625 0.0125
11 0.47890625 0.29765625 0.0140625 0.0125
11 0.58515625 0.390625 0.0125 0.021875
11 0.58046875 0.41015625 0.0125 0.021875
11 0.575 0.43515625 0.0140625 0.0328125
3 0.665625 0.29921875 0.0328125 0.0515625