6 0.52109375 0.234375 0.0171875 0.028125
6 0.521875 0.26171875 0.01875 0.028125
6 0.50390625 0.2359375 0.01875 0.028125
6 0.50625 0.26328125 0.01875 0.028125
6 0.56484375 0.25859375 0.01875 0.028125
6 0.52265625 0.48203125 0.0203125 0.0234375
6 0.4203125 0.26796875 0.01875 0.028125
6 0.5484375 0.26015625 0.01875 0.0265625
6 0.41875 0.240625 0.0171875 0.028125
6 0.54609375 0.2328125 0.01875 0.028125
6 0.55 0.59765625 0.0203125 0.0234375
6 0.54140625 0.48046875 0.0203125 0.0234375
6 0.5578125 0.71484375 0.0203125 0.0234375
6 0.53125 0.59921875 0.0203125 0.0234375
6 0.5296875 0.57578125 0.0203125 0.0234375
5 0.4671875 0.715625 0.0109375 0.0140625
6 0.4640625 0.26484375 0.01875 0.028125
6 0.55625 0.69296875 0.0203125 0.0234375
6 0.5625 0.23203125 0.0171875 0.028125
6 0.5484375 0.57421875 0.0203125 0.0234375
6 0.52734375 0.540625 0.0203125 0.0234375
6 0.54609375 0.5390625 0.0203125 0.0234375
6 0.55390625 0.65703125 0.0203125 0.0234375
6 0.48046875 0.26328125 0.0171875 0.028125
3 0.64140625 0.25703125 0.025 0.05
6 0.52109375 0.45859375 0.0203125 0.025
6 0.47734375 0.23671875 0.01875 0.0265625
5 0.653125 0.21875 0.0140625 0.021875
10 0.4796875 0.73515625 0.021875 0.025
6 0.54453125 0.51640625 0.0203125 0.0234375
6 0.53984375 0.45703125 0.021875 0.025
2 0.63984375 0.37578125 0.05 0.0828125
5 0.534375 0.72578125 0.0109375 0.021875
6 0.52578125 0.51796875 0.0203125 0.0234375
6 0.55234375 0.63359375 0.0203125 0.0234375
5 0.61015625 0.2265625 0.01875 0.028125
3 0.58515625 0.37265625 0.0296875 0.0734375
5 0.65546875 0.34453125 0.0140625 0.0203125
6 0.46171875 0.23828125 0.0171875 0.028125
5 0.3953125 0.24296875 0.01875 0.0296875
5 0.39765625 0.3078125 0.01875 0.025
5 0.6296875 0.41640625 0.0234375 0.0203125
6 0.43671875 0.2671875 0.01875 0.028125
6 0.43515625 0.23984375 0.01875 0.028125
5 0.53203125 0.30390625 0.021875 0.015625
7 0.484375 0.78203125 0.0234375 0.0375
11 0.5484375 0.35 0.009375 0.021875
11 0.4578125 0.31015625 0.0125 0.0109375
11 0.4453125 0.3109375 0.0125 0.0109375
11 0.4328125 0.31171875 0.0125 0.0109375
11 0.4203125 0.31328125 0.0125 0.0109375
11 0.55 0.3703125 0.009375 0.021875
11 0.55078125 0.390625 0.009375 0.021875
11 0.553125 0.41640625 0.009375 0.03125
3 0.6 0.259375 0.0265625 0.0484375