10 0.534375 0.42890625 0.03125 0.0421875
2 0.46171875 0.665625 0.0359375 0.0515625
5 0.26484375 0.7296875 0.009375 0.0140625
0 0.5265625 0.49765625 0.03125 0.0546875
6 0.29140625 0.74765625 0.0171875 0.025
6 0.3078125 0.7484375 0.0171875 0.025
3 0.4875 0.515625 0.034375 0.046875
3 0.2984375 0.53671875 0.0265625 0.04375
10 0.20859375 0.76015625 0.0296875 0.0390625
5 0.265625 0.74375 0.0109375 0.0140625
5 0.35078125 0.6171875 0.0109375 0.0140625
3 0.4859375 0.56640625 0.034375 0.046875
6 0.334375 0.74921875 0.0171875 0.025
6 0.290625 0.77109375 0.0171875 0.021875
6 0.5640625 0.778125 0.0171875 0.025
0 0.52421875 0.56875 0.03125 0.090625
6 0.30703125 0.771875 0.015625 0.0234375
9 0.290625 0.6890625 0.03125 0.0171875
3 0.34140625 0.53828125 0.0265625 0.0421875
1 0.41796875 0.61328125 0.0296875 0.0390625
1 0.38984375 0.6125 0.0296875 0.0390625
3 0.2734375 0.5359375 0.0265625 0.04375
11 0.325 0.53671875 0.00625 0.03125
11 0.37265625 0.5390625 0.00625 0.03125
3 0.40390625 0.53828125 0.01875 0.0453125
3 0.4421875 0.5390625 0.01875 0.04375
6 0.35390625 0.65703125 0.0171875 0.0328125
9 0.34921875 0.68828125 0.0171875 0.0234375
11 0.30546875 0.6234375 0.009375 0.028125
11 0.26171875 0.60703125 0.0328125 0.009375
11 0.246875 0.753125 0.021875 0.0078125
6 0.33359375 0.77265625 0.015625 0.0234375
6 0.35 0.7734375 0.015625 0.021875
6 0.35078125 0.75 0.0171875 0.025
6 0.37734375 0.75078125 0.0171875 0.025
6 0.3765625 0.77421875 0.015625 0.0234375
6 0.39296875 0.77421875 0.015625 0.0234375
6 0.39375 0.75078125 0.0171875 0.025
6 0.4203125 0.75234375 0.0171875 0.025
6 0.43671875 0.75234375 0.0171875 0.025
6 0.4359375 0.77578125 0.015625 0.0234375
11 0.4625 0.7640625 0.0078125 0.0453125
9 0.47109375 0.76328125 0.0125 0.0453125
3 0.515625 0.77265625 0.0296875 0.0359375
5 0.45 0.709375 0.009375 0.0140625
5 0.4578125 0.70078125 0.0109375 0.0140625
5 0.44765625 0.696875 0.0109375 0.0140625
5 0.34609375 0.6296875 0.009375 0.0140625
5 0.35546875 0.63046875 0.0125 0.0171875
11 0.66015625 0.7375 0.021875 0.0078125
11 0.6390625 0.73671875 0.021875 0.0078125
6 0.58046875 0.77890625 0.0171875 0.025
6 0.6046875 0.78046875 0.0171875 0.025
6 0.62109375 0.78046875 0.0171875 0.025
6 0.6453125 0.78125 0.0171875 0.025
6 0.66171875 0.78125 0.0171875 0.025
11 0.55390625 0.6640625 0.00625 0.0390625
11 0.4609375 0.428125 0.0078125 0.021875
11 0.46171875 0.4078125 0.0078125 0.021875
11 0.4609375 0.4484375 0.009375 0.01875
6 0.41953125 0.77578125 0.015625 0.021875