10 0.45703125 0.565625 0.0359375 0.0453125
2 0.55859375 0.33984375 0.0421875 0.05625
5 0.76171875 0.30078125 0.0109375 0.015625
0 0.4734375 0.49921875 0.0375 0.05625
6 0.7375 0.2796875 0.0203125 0.0265625
6 0.72109375 0.27734375 0.01875 0.0265625
3 0.5140625 0.4859375 0.0390625 0.05
3 0.7046875 0.48828125 0.03125 0.0453125
10 0.82109375 0.27734375 0.034375 0.0421875
5 0.7625 0.28671875 0.0125 0.015625
5 0.6625 0.4015625 0.0125 0.015625
3 0.521875 0.43515625 0.0390625 0.05
6 0.6953125 0.27265625 0.01875 0.0265625
6 0.74140625 0.25625 0.0203125 0.0234375
6 0.4703125 0.21640625 0.01875 0.0265625
0 0.484375 0.42890625 0.0421875 0.0921875
6 0.725 0.25390625 0.01875 0.025
9 0.73046875 0.33828125 0.0328125 0.0203125
3 0.66171875 0.48125 0.03125 0.04375
1 0.5953125 0.396875 0.034375 0.0421875
1 0.6234375 0.4015625 0.034375 0.0421875
3 0.72890625 0.4921875 0.03125 0.0453125
11 0.678125 0.484375 0.0109375 0.03125
11 0.63125 0.4765625 0.0109375 0.03125
3 0.6 0.47421875 0.025 0.046875
3 0.56171875 0.46796875 0.0234375 0.0453125
6 0.6640625 0.3625 0.0203125 0.034375
9 0.67265625 0.33125 0.01875 0.025
11 0.7078125 0.40078125 0.0125 0.0296875
11 0.74921875 0.42265625 0.0328125 0.0140625
11 0.78203125 0.2796875 0.021875 0.0109375
6 0.6984375 0.25 0.01875 0.025
6 0.68203125 0.24765625 0.01875 0.0234375
6 0.67890625 0.2703125 0.01875 0.0265625
6 0.65234375 0.26640625 0.01875 0.0265625
6 0.65625 0.24296875 0.01875 0.025
6 0.63984375 0.240625 0.01875 0.025
6 0.6359375 0.2640625 0.01875 0.0265625
6 0.61015625 0.259375 0.01875 0.0265625
6 0.59375 0.25703125 0.01875 0.0265625
6 0.59765625 0.23359375 0.01875 0.025
11 0.56953125 0.24296875 0.0125 0.0453125
9 0.5609375 0.2421875 0.01875 0.0453125
3 0.51796875 0.22734375 0.034375 0.0390625
5 0.57578125 0.2984375 0.0109375 0.0140625
5 0.56640625 0.30546875 0.0125 0.015625
5 0.57578125 0.3109375 0.0125 0.015625
5 0.66875 0.38984375 0.0109375 0.015625
5 0.659375 0.38828125 0.015625 0.01875
11 0.3703125 0.24453125 0.021875 0.0109375
11 0.39140625 0.24765625 0.021875 0.0109375
6 0.4546875 0.21328125 0.01875 0.0265625
6 0.43046875 0.209375 0.01875 0.0265625
6 0.4140625 0.20703125 0.0203125 0.0265625
6 0.390625 0.203125 0.01875 0.0265625
6 0.37421875 0.20078125 0.01875 0.0265625
11 0.46640625 0.33125 0.0109375 0.0390625
11 0.5296875 0.57578125 0.0109375 0.021875
11 0.5265625 0.59609375 0.0109375 0.0234375
11 0.53203125 0.55546875 0.0109375 0.0203125
6 0.6140625 0.23671875 0.01875 0.0234375