10 0.53203125 0.571875 0.03046875 0.04140625
2 0.4671875 0.3328125 0.034375 0.05078125
5 0.27265625 0.2625 0.009375 0.0140625
0 0.5265625 0.503125 0.02890625 0.053125
6 0.3 0.2453125 0.01640625 0.025
6 0.31640625 0.2453125 0.015625 0.025
3 0.48828125 0.48359375 0.0328125 0.0453125
3 0.3 0.45625 0.025 0.0421875
10 0.21796875 0.2296875 0.028125 0.03828125
5 0.27421875 0.2484375 0.01015625 0.0140625
5 0.3546875 0.37734375 0.01015625 0.0140625
3 0.48828125 0.4328125 0.0328125 0.0453125
6 0.34296875 0.2453125 0.015625 0.02421875
6 0.3 0.221875 0.01640625 0.021875
6 0.5734375 0.22421875 0.015625 0.025
0 0.5265625 0.43203125 0.028125 0.0890625
6 0.31640625 0.221875 0.01484375 0.02265625
9 0.29765625 0.30390625 0.03046875 0.01640625
3 0.34296875 0.45625 0.02578125 0.040625
1 0.421875 0.38359375 0.02890625 0.03828125
1 0.39375 0.38359375 0.02890625 0.03828125
3 0.275 0.45625 0.025 0.0421875
11 0.3265625 0.45703125 0.00546875 0.03125
11 0.37421875 0.45625 0.00546875 0.03125
3 0.40546875 0.45859375 0.01796875 0.04453125
3 0.44375 0.45859375 0.0171875 0.04375
6 0.359375 0.33828125 0.015625 0.03203125
9 0.35625 0.30625 0.015625 0.0234375
11 0.31015625 0.36953125 0.0078125 0.028125
11 0.265625 0.384375 0.03203125 0.00859375
11 0.25625 0.23828125 0.02109375 0.0078125
6 0.34296875 0.221875 0.015625 0.02265625
6 0.359375 0.221875 0.015625 0.021875
6 0.359375 0.2453125 0.015625 0.02421875
6 0.3859375 0.2453125 0.015625 0.025
6 0.3859375 0.221875 0.015625 0.02265625
6 0.40234375 0.221875 0.015625 0.02265625
6 0.40234375 0.2453125 0.015625 0.02421875
6 0.42890625 0.2453125 0.015625 0.025
6 0.4453125 0.2453125 0.015625 0.025
6 0.4453125 0.221875 0.015625 0.02265625
11 0.471875 0.23515625 0.00546875 0.0453125
9 0.48046875 0.2359375 0.01171875 0.04453125
3 0.525 0.228125 0.02890625 0.03515625
5 0.45703125 0.2890625 0.00859375 0.01328125
5 0.46484375 0.29765625 0.01015625 0.0140625
5 0.4546875 0.3015625 0.01015625 0.0140625
5 0.35078125 0.36484375 0.009375 0.0140625
5 0.36015625 0.36484375 0.0125 0.0171875
11 0.66796875 0.26796875 0.02109375 0.0078125
11 0.646875 0.26796875 0.02109375 0.0078125
6 0.58984375 0.22421875 0.015625 0.025
6 0.6140625 0.2234375 0.015625 0.025
6 0.63046875 0.22421875 0.01640625 0.025
6 0.6546875 0.22421875 0.015625 0.025
6 0.67109375 0.22421875 0.015625 0.025
11 0.559375 0.33828125 0.0046875 0.03828125
11 0.45859375 0.5703125 0.0078125 0.02109375
11 0.45859375 0.590625 0.0078125 0.021875
11 0.459375 0.55 0.00859375 0.01875
6 0.42890625 0.221875 0.015625 0.021875